8848353
648223764
288208633
756128854
540379166
972019814
22172645
168966029
564623202
789192523
176824420
940263867
628037498
506209499
958218847
601410149
854852358
198517635
759232520
738328615
554953688
616164902
247923786
400609760
411230933
74784792
598215918
84860749
183181984
79335853
766133834
396947235
133696532
534253441
235137222
453601667
467306212
839760040
133869134
345229557
441667456
228451587
507393561
864796013
65854425
773611824
629745082
352387279
127817111
61134796
190442857
814887702
379338301
280324291
826572993
645419515
513306819
535769361
666221314
534642261
282455542
938473967
47050269
136626925
75147152
339547028
649440190
480209474
11372618
388848368
548026755
416029186
204787303
491854786
848148395
631506893
983483197
933079525
351055229
742820179
895657466
765061058
703203696
917602319
850014291
952687027
126069957
684695346
965468117
343944758
104921557
435932058
317458059
682263127
308426875
650911212
824048948
169552204
804731837
623797425
329279721
29600596
527123509
894686207
229405993
626079502
848040258
981184574
523184031
482719064
845833437
219079772
591902705
74331799
169586263
154402446
433016973
918253239
560891740
408324756
901249633
23052002
188577992
551115595
837196885
751378824
499018361
662357171
847626413
422831564
967713923
934825815
270721511
260151332
461315908
618166708
324917825
450584641
44958550
120137807
181099616
554987433
713736675
928989812
155595085
115673298
609583323
509021468
257581974
560506482
357092351
6203866
118155939
364195938
848053034
630308285
736242684
799486815
731308210
700078076
401641197
659815074
903178187
968313422
518067981
731585485
855748109
916547294
69741114
840569506
258853235
390326050
120046673
169339401
118246632
965822498
801036097
916882494
497195453
884656246
56866862
865470173
629254484
110180196
163610468
68043628
290124591
485367369
306190360
229577312
997088990
112896449
891155087
630243300
491938409
192491950
288782957
14358103
828977433
689032601
271899906
929701877
323314093
163389631
21925878
192264111
201326805
760572398
568882380
982925191
687541454
130764977
637193687
949282653
167173346
391967262
309057162
275188539
200463558
334957928
739769845
525303890
858594451
66611750
7284970
438225448
273329336
565895841
260447832
679354949
149528910
635147668
252443645
994317199
785241344
731672325
815045145
197397853
949289356
870711131
369488420
709404679
385224703
929768529
990341355
822864379
854328054
370129891
492443680
124327181
314213524
372922088
260324727
855792723
845663590
225276534
263455954
55700316
385843673
326594754
450837635
914102561
526110573
875528843
422291200
390916000
757304308
883877259
759139971
672451676
249128532
909682912
318429416
65996980
295849573
92433743
902443524
524422387
155563474
367372180
656736054
328496068
928054028
868495812
678567879
588129927
803181227
730639869
386482288
347842800
829037528
827335959
441161779
225039619
389873857
697321857
793330718
238014406
904717648
460508549
480625883
577590492
987323400
91094560
624083761
416958805
295769506
127458707
877387281
645235744
335392500
891118814
592622844
742246912
757245801
158847243
8197248
760373602
473704572
276493794
747943322
140976819
791679917
700678092
580445645
268920994
107615499
372637633
189307568
676341325
450141774
13138132
293257646
792580405
454872465
753707014
90356889
989703472
470762816
193315795
295319481
928434608
271133968
979993751
921429891
409102708
249084300
329410836
451205845
381506935
548753434
134599135
721552180
487686882
79437125
653827172
782666449
503048089
102279157
768342118
386817566
59202709
257345385
936387693
748432783
696444866
700253191
193846088
221771955
810841037
543390461
495295182
607448846
195686317
87849802
481375264
2708382
877622381
882760875
878838537
494411786
990621847
170936616
279372661
325814778
728872550
391859748
980470797
155376719
99831498
437965460
547192474
358702692
505225226
31939386
132437401
890240060
408470429
530127286
649414038
959270286
367884401
272890054
508639185
95546225
931353884
171160287
791884163
431925226
579737456
510187583
410421652
221663932
768237515
248350731
419499713
952973708
171110433
997211641
728093268
773576580
711046123
274878555
371423257
150477961
866036326
615474221
861998234
939652902
47864521
83717263
570325027
824828336
993392781
111918104
756146553
808011894
69761123
740982646
651920475
670751755
204519367
26070255
327652992
592815267
44478696
407908660
224377155
51439337
117672052
730803029
497728915
631985727
222013110
618183620
763356198
53250344
642786690
710166752
400273976
49673424
961058260
935473614
405912178
832348593
665251182
138366428
914312270
938838754
235509513
781869848
244556544
856416349
318502600
355957323
192503468
406374710
172897985
214353208
38964
987315530
454130589
79654255
882751818
294831153
325635677
460960592
360779600
23540741
692841251
982083068
684805355
918410279
202325655
479742639
135634658
51258395
262784155
781642971
890850633
44843347
95049296
120067589
227941060
549424994
677568451
62145248
696401720
609297749
423512620
974447387
479229216
199744418
986219777
506629947
271242608
120923487
830694944
416244880
726582206
224409362
326602486
324071223
289472841
284188395
746222404
784345251
141869015
439469512
971938941
230131253
514823321
48312821
731885308
767660874
968520072
352177614
881720524
98398513
145165938
743143608
750131795
71515558
389631715
594154185
752413134
996709639
928697469
745609504
866015331
555211209
482783167
759348877
772517322
197495145
764487218
940719383
77185293
576639994
178866395
125609364
237702216
551762517
910822289
376427463
590817182
901077283
901991538
410876581
493100417
753399798
478272356
958397453
257202025
173005005
867191331
291752203
935464294
527916391
80880212
269193889
825150878
969851445
807326571
719375484
936547848
590132093
144169287
426525768
170635117
142253275
835707995
741046092
174721582
509205464
486628799
546981494
628883602
640289188
759776272
38325434
127554602
310008562
22774525
251335517
530258189
323432620
210296111
77340568
256692805
301316403
975833116
238086872
265629198
480401067
626022720
595625280
222715945
658107195
476534112
703644915
968800362
301831624
362648835
228960000
445393932
240752197
800390709
847882382
371663422
959249747
356444755
350273568
650998787
906524176
320669808
576377395
655691839
690474550
348006267
336201405
63566698
394096312
264726487
462229278
970561791
206438647
765028641
577424061
422394536
703280504
703733478
931606505
583474070
607905032
35420084
258443829
690658338
497592657
872987532
11468540
67533895
656217095
934138767
831259521
996234232
514870168
74339202
705666274
526577735
222296286
927291710
491593946
848951684
741001943
65562004
29842321
323212071
900038927
109321074
606978822
218374694
137463694
381450900
577921949
436992574
237808057
997780633
232811760
298049930
85649737
31325114
594827215
812470235
399908666
864627641
307858948
144956467
595261945
60198436
197960713
796799151
484988481
937505919
587029650
887596799
645009262
600263400
683448538
615346901
579227641
224337673
571654091
477433901
419437385
359864535
595709063
290563460
92132264
994022500
295432613
549258003
807063123
524196109
757444093
611655664
497017829
342881510
529233990
911509149
528328634
426357279
503540519
528822582
963477558
13809518
270162299
343728225
515463898
845469005
179451269
910121828
238459985
99007170
432628956
926395377
457076700
589897692
554237063
1517627
642586919
403243273
888683080
944041760
145338462
633929593
711836668
100653865
164006545
799334342
497549608
358737792
787825415
580635740
965770514
782487096
461959030
309692718
436424868
210918801
609079258
231153003
80766056
991713103
176191392
661290405
737781056
269609919
867570155
70374310
788279929
702765583
682535015
931046194
887396922
232898758
870127041
708214088
562613413
709459293
108790694
733156932
932180370
149871763
305783419
733893574
502147578
598976859
235731739
548639060
381611857
34989401
309694035
338234840
631159457
375121191
328391377
560757556
333876944
44900354
432685958
179241969
45608363
845399906
165931992
690143909
690143909
160439481
453531379
13624656
925087686
119056843
982349696
145711385
322926355
161826493
713539989
577468610
435079172
202341239
696493062
38972862
189320882
972394651
495407214
433709833
278792885
719569970
356931663
126807222
280284055
987754984
260770453
225378728
54242940
76790963
486504879
841251691
972202273
799924574
557219986
827238811
640280816
478781687
478056700
305162271
592938579
450097637
262829808
763478055
486061517
787634113
391433493
45656003
1852749
860220275
832184225
419160783
71566884
583901790
939610917
217684331
872711069
861953628
637877508
189206867
922714681
56349918
894983665
647778480
988961108
220315394
906970132
31799415
300531512
887396089
115145062
201984381
208661101
286755537
596101968
574842742
508965786
321935249
560158048
458656356
903357922
288797775
573788269
23302908
164538662
64589171
100960448
799445364
387587900
961964552
355388323
695520808
183178109
289434145
644535274
505106446
485471831
686780942
159604530
322280343
227677374
689380032
481131346
173353188
957396203
607715592
66350969
538225508
775430649
549456225
527955809
685386334
851420203
856671330
530583363
135139761
458787156
808049931
975961100
826349924
840637568
140872510
98289828
507951694
687801985
157643028
139696191
886085085
723414782
201731094
206798619
207362677
154872026
274114085
241861059
387808437
549005560
430794623
382694819
81741738
877751798
31754302
790127869
568269861
767076234
22017251
673371047
619060810
12689369
976438031
140419842
160562848
70858750
838101425
787361066
23212592
370679875
619854468
86260177
483140498
718016420
464694010
271633668
848156232
318667311
838401075
447088312
389681858
576354281
212190499
740843939
282109449
519879912
309176862
407156104
473577146
754215323
583852713
323802303
282135343
617037992
309267806
378316107
955462076
567034739
474596557
658686288
488396632
591483190
305040566
837157056
697682274
168083126
576427424
132734861
575524033
809451200
102702315
245282909
228965022
188099461
790020614
290888566
398909710
386294067
924772610
459290860
630090037
338055496
93499001
661143593
808703158
508893725
181020088
654479512
496277890
113892652
117132619
697315432
462960420
265749055
838624986
521973205
272196000
24573973
918719646
759641191
369015533
699756676
318808273
685742192
440076851
429609674
494407482
559205290
286565919
284577557
846066807
133037852
542069165
633484267
38175058
937658143
623375432
549404462
138256003
192813746
88618315
11309583
506560548
138220770
908594772
683698047
965879959
143639690
117587768
1250390
150237501
273264603
764667193
349821048
998669574
50330040
512776980
637024722
481565662
952531511
878229113
175285416
674708975
395277043
726576431
274988798
379039360
812913754
238782512
641171462
834073203
419324333
459080075
308631578
407163758
76344726
43623536
22249047
833650770
59288061
761792272
583096789
721031882
911203628
121224644
205616933
232876536
133372043
76939375
419367455
809105611
910845290
77271675
646594967
323981966
211955202
227317537
609961854
917427630
617483061
750267308
583929883
174092543
441638537
698223734
832627983
997587976
280799904
448432958
147321390
291490631
46872190
756633747
450454865
996199194
91671978
783619165
938810105
344501997
255341358
407336169
181949837
581362265
13291695
743036007
45588008
122520473
854309117
708618227
584030180
407030876
482257734
133456674
168263070
32471869
572534661
54976447
159416878
447059628
825518650
848771596
118645826
675268106
133987306
48627433
845426380
925311080
773919860
28197114
516547293
764820503
983041372
558133260
905288299
600123291
640208824
806766299
807089824
497150254
2284594
567411307
881702752
854631502
733534617
732156245
499635779
467916892
299206881
755846364
575183620
628765416
992463167
502077317
875387934
883651917
581922276
678056631
550144802
877914111
159532285
346845212
365221348
83390751
994800880
286010272
750327462
92248069
804768242
821311455
192763014
91105255
693449157
793985418
675415025
185273320
642798268
945017936
135209006
808910515
631438546
784700472
853250563
917765729
846928913
559114441
853311630
118997962
321490053
180903780
686426091
984050570
582239981
761382799
775560548
966519249
24275298
592374112
512529014
925854330
442290491
806715295
342731529
671680215
334162605
674548881
132328699
48313374
394447547
591951135
787808684
990075251
920935495
984858767
969865680
325153597
829417718
752068026
671316501
759446244
531424527
941169771
20496488
591381420
838515613
528578126
569228556
748761536
571919602
273157136
217335002
100536752
655066508
445248820
950654091
797210138
397005927
799116866
838898128
608887639
334386882
136533914
118131941
529610759
968322656
475892362
629644172
109393047
838246131
1008625
552591849
691837581
259779992
191652311
658846680
554521580
798567213
306655702
805925801
880795972
23661967
847517561
215280580
205415376
778557766
147762250
895553307
498256943
11397526
96570884
230282325
774655130
30631978
123397981
406101178
956290058
780491598
168182407
135989538
470556596
59077641
296730168
743480746
581171076
90938178
154932903
549406937
709470373
775557224
62824529
584175184
249175294
921052441
582734952
688893169
234115872
405448429
453580524
156057258
220332450
470162994
72931149
880372443
934520771
355515729
732775983
831579121
447726357
460221368
105921657
899670880
443381682
859278115
685552626
560848964
921895360
323774402
322721843
288765295
27081130
156711569
975450588
607019770
917047169
262799077
117100269
166151710
842327361
239122873
298544796
97185328
333231818
231474699
203887603
877705653
629864908
396257467
31639673
975176577
651152127
498815653
613430428
709575586
447666291
933645893
752431617
992017900
565711347
348768525
639658574
370268934
66834101
331989936
229164577
401193519
254640627
67960028
244968087
426044755
882494296
667138347
577477330
328864469
463367953
463367953
741104372
544744954
540823481
521660869
422549314
50510782
737273127
14774965
630864070
417118190
966202159
928103622
793127197
763635120
41776435
372157835
428889368
921371045
190019772
428889368
85337771
650181030
336524641
541709365
636590605
249348446
674876635
878117883
300390650
466327320
288235712
470053081
420852021
21962373
133335151
411600043
838946680
242345888
987562765
980746019
74277726
825077235
415775412
89231928
871654474
918298044
364327945
386452614
590646216
328444772
247758677
700640788
340497878
236941454
99317541
159704656
372483694
764239799
75106007
405806566
881616968
841465447
600099077
14894405
904938112
522864681
874928546
540302603
583746259
462910125
249669167
623857393
603006335
319193679
79024288
556238687
888933497
610573442
977567968
419247633
855622102
444378682
725304964
63669931
240342069
180833723
532421122
916787607
553217394
773057123
65753201
183824566
497771157
314077066
230744000
583032429
674407511
865036504
715007925
647815880
83537460
557999521
313441814
125819600
45195372
232817586
770007694
511990072
29695325
559361132
129854585
605191636
102050602
16283952
262692972
91587967
505457106
745853133
9973793
415271618
319184077
257030521
167429365
658896296
661470410
357884101
578267813
819827711
373463020
34774423
975583010
469251225
532232618
987635055
463580764
117181386
859705514
540266630
810980903
312257812
444238457
429411358
373470770
994794771
545977603
920777016
19907056
892587152
186238115
421954046
266335357
435752009
285407089
426494710
444379864
695217048
855390088
578919008
682348250
764158919
417146888
944935620
332885829
850072554
497138052
900301325
721445521
502434658
453578857
631131300
742508748
396146218
369119831
709000834
54041153
16558004
35112981
817301768
420296197
548735549
793278102
834505810
738711092
808869133
1321184
401001362
705394246
541945175
183422627
140263657
791148984
825932376
449164885
657124432
181801930
970504994
204284621
937275310
722168531
546424717
702183424
395479565
937553861
87390769
254611153
968237191
399386658
280623353
828697258
539159552
598674576
112585435
430251954
124814924
52292421
143770003
164138956
835563831
569313686
25678630
333018820
66519917
197584653
684120090
184880336
455630787
812029869
40562501
927013928
706669458
7242532
744020698
368201730
262587125
262429791
515660671
725281080
58343010
695627943
605664812
795246712
727998697
389467192
249986056
481383758
246013102
598792119
804692705
615726494
386529338
303979295
560458083
37060242
280386410
829539654
603585915
549350585
757404225
771766831
753541038
27212330
825796391
10603153
72998876
791199237
698368330
212183186
768300339
88711138
742592685
43111627
718553556
492349838
409979783
464528794
70672090
616117278
72849304
82850085
945426675
277490045
685501719
871614432
650450625
918350078
140261129
905186014
350802090
449764664
964742053
106672354
572540728
54602534
107892306
467682593
800163554
148578197
736565814
433906371
642843911
699132113
381031585
587952751
358412556
633910608
418438554
590125459
897128514
421573824
203637302
231797147
897090396
215075019
300115653
271010640
185938769
569363856
683306183
41681794
842821611
780030823
878410518
551268717
189957870
743582127
540891991
168666391
42342025
678524520
964384763
369419109
365019449
149983603
309651978
868359358
148210405
961723039
757292736
349532591
64615494
663438032
175285585
205215519
144216272
268560161
694317302
640369301
981403328
353834830
698573173
366661729
56724189
628174648
222504590
273918950
371067532
513442265
842262544
680588955
868101060
744008961
920432735
800469303
150598049
770447038
706113260
473140696
45102350
802958615
591755444
528287350
961734632
633737627
481289501
179624640
741403604
704741445
972465214
917450209
798583906
756206105
494234603
257711356
265859204
954650043
803503211
963191787
987552494
603781776
913598021
394950819
599941819
490372557
624031394
468114769
339862400
345797961
702804606
618517481
190252022
286037700
815220657
838625341
120428623
876836790
868727397
100579210
775846542
761917933
52450606
587972851
676585106
910848597
359231541
792486211
99511878
9591301
685471798
377560758
215940083
274750101
235838633
570847852
186887986
252084022
952645609
958120063
448862010
195703464
608125559
142065356
424698022
740175570
753664415
98888633
109570768
394027429
5543647
267236553
171949495
553830839
577493728
754231374
494539258
441904558
533875590
147520525
558299756
766203188
264608471
279003487
644256232
146709372
806174711
727447020
926734520
209281135
751750906
33909926
935477747
734081380
628636482
359655284
945869521
327255193
735521667
904430230
524099595
42578538
936050123
700887787
849096999
656810200
301909588
479597964
933913975
2732862
376520088
947888423
926684195
795692187
492940237
129524344
960050453
88525308
278853386
926071799
114417789
514107106
591176447
87307386
658586679
914992549
263552994
148565303
145377032
742759100
586380061
53439451
679024645
184561702
999915759
991164045
153476851
486019082
64485544
229292973
300161595
514533724
417426195
600944261
111474440
718180066
800291324
269943194
70631226
236863991
852878907
612070245
826026171
658670618
516878654
455174390
333856044
835571900
914728176
24277228
884865080
983635070
55076710
117861530
74153656
107329678
733886563
952882957
792354371
502939279
392003482
314219820
315312873
483010650
120039460
776217695
675879842
337825810
495686214
419643220
45866507
356666981
557616362
53253252
905804466
877586498
532696132
753831559
209743672
811066793
340741373
503784504
76581418
726509837
411980580
411067129
945119678
28535823
290109701
46812360
234247509
159075127
814259716
120879722
234889693
810949512
238753419
645128447
813973264
953811198
597208445
338078519
235229066
26327390
456610417
14073866
453394250
881902215
231168738
937800633
709337384
498395285
157073902
916516529
0
653156730
378672431
430838853
769556812
995499377
815233934
45014260
616892867
732848921
715254764
508801328
59992649
170630738
393104841
244262415
645528812
923422743
975851143
679826908
313372579
114794457
485147193
644230735
895950084
985227400
960005670
632829097
466165542
150397057
579036204
709564507
70167519
257682331
873464535
870520102
845005304
182044578
425143578
304579176
613257720
721810759
408503607
353372400
555009142
927889391
746857847
713880832
882175362
514833369
893562220
158528525
566729059
42631233
921472205
282692477
690370910
719717501
453449627
180779619
98894062
167699884
972196720
696033801
498157402
931499872
878547473
831768600
961884017
41926955
662817739
275192612
404031196
704775843
256845378
199433096
158674079
621798503
172052023
761296599
397814968
517520096
266802488
137659019
342055505
582312000
14471885
91401053
522573771
680009732
513022562
356378411
206674621
194611301
831970755
51296879
89632468
211126183
115820588
343683472
494213654
653518626
181653769
734863451
551383168
137214875
335833462
104803817
327428491
941208821
400764944
107942213
289279567
376391587
280142119
941139038
964407149
377078571
541212889
777907972
235303362
509541494
662748065
925759126
573821930
932254075
34734973
296427336
13587747
910511058
510752735
101307465
965859373
178717898
315312514
551765170
919151390
747448375
592886949
854097387
701702465
829746114
671631567
113778773
819586096
99674918
91118901
986758484
635641071
665575877
159582482
413392305
12667608
997792000
884717643
647049817
626002399
90912467
324280461
134204725
98575709
599093251
530152715
563875861
803164703
616350413
128589885
601141486
263386764
200137468
95169011
28910168
859755712
128990228
991527587
573112671
623607714
901494686
374510081
373629104
554581974
946647510
587753873
80062383
596707842
775283837
362352317
924123318
390553346
384451214
527093301
224162773
244608372
767166712
727899396
821662840
493056665
620327363
426154477
356983816
244743875
536193094
526375354
667606770
892008290
162047221
442785869
878347096
901773596
655456430
389042152
737686719
344453509
890389977
762211008
230846700
448021204
740770002
980762693
414340165
639040897
428018209
107662068
605100162
299396995
130710633
921453411
459465732
612252714
368775439
129980724
409580432
441818730
402343309
59856119
607535880
325811549
124500549
827162501
722751696
621171928
442308748
826735172
988713860
573950509
99434182
561042796
103763441
46508012
757651004
194310111
166082677
848409568
775625274
225649199
9319048
874899767
600676343
721879754
446415032
324058844
500139297
923506311
182459548
636416762
11031587
665074718
468678321
517551736
193678577
295537566
932887563
938637729
125844722
466437883
671422317
419754031
83848415
468657225
147861551
129584159
925160971
165018838
206983546
125501635
40935847
264614404
851263373
384052813
644341179
623124837
894253799
810372969
683705254
84900962
424874977
499983711
844446830
347241208
432336398
220089007
746376745
803386529
653069833
847571885
447608025
652625983
849776790
516221784
512783552
850390543
632028980
469069359
754981618
677060970
227379100
932138142
956745108
713654246
241574163
954382551
86662347
632616797
757945651
724254498
46897240
70863083
92784472
139745069
820384711
148515809
455707319
789845598
982097277
36823847
428743608
386539293
227510353
226385095
639083526
518928907
257695276
193043705
808579508
304022722
489915623
18647407
785223794
696228151
400492142
92160082
389403488
670399601
156623517
652796369
492099641
829262496
78908196
383300455
532521525
810006967
70687879
458970765
459299276
344406149
560484569
993608140
28066588
89514910
698594218
568257269
360598055
192841027
709051437
621324427
697462140
588341788
203584029
201074665
420229899
65926845
949888813
918475358
22575975
202117048
167970194
737758615
819478007
478161175
813144236
974445040
404133699
796416041
851340150
860763292
163403813
177675388
880086756
321548296
721791283
657619551
82592103
92273658
54468328
742700988
922158774
588494917
872958236
581386913
950780495
375853020
578360692
216514663
822200858
711838533
804754807
140107226
191350633
167626776
189774023
674857141
990285489
379685813
678710621
622501549
368190649
996623048
364162357
661285397
143291134
587431553
501564344
128540320
313666518
526410995
203868729
648232389
543469786
742776097
513402907
335949745
609288462
633851464
343840887
894483394
797433704
570743187
254592012
356384640
190661557
747828838
571052901
534419734
253325734
917974250
498181005
996897385
276790065
593049247
266323830
16831428
696114640
122210008
103012316
64307858
551323935
241204778
87758357
119775008
149157991
18466739
715953013
754323320
273120587
426690039
994121113
824523266
923247274
973158795
910702359
327595828
342079439
855346025
814592387
270769023
39712351
708366938
22533133
553381232
698174994
95714951
344943312
433590314
796919269
70236002
606092795
847617730
272199282
619055158
929657925
788295038
348730498
635526930
479227971
740065332
385918220
222175671
664738770
33299181
664580268
684155768
201961924
673719862
844031039
172326271
3819520
53841227
861450976
416322658
180115134
180115134
268902717
623348094
86146544
41577189
466304569
162729336
44084423
772897835
389809824
304022207
242672487
770115019
868827723
972582474
177551657
883635697
861309734
797996012
772822277
944073765
691264730
529184279
216259321
0
228222563
903103837
880154847
800985640
735093147
675938950
679241979
456605528
76514014
336272867
70782011
455123593
230693482
319949338
693558868
452903843
278379444
278088994
768928291
170652614
660494237
863157116
439226334
968748840
570874561
352084515
601019765
272249383
761785815
414775296
605054626
425020774
143146103
490012067
132288423
518053751
895690454
697860754
399705096
735198284
490430635
757075138
602581433
837628403
122266897
443244181
439527880
16609924
759116566
820483471
652748655
698374720
714375729
676673574
114219409
513896559
865423697
181052776
112008508
279893824
561835973
398396537
503077624
284790178
457167176
929467213
674449340
538376301
830108549
332284043
439098230
395315335
805310547
890924423
786346437
825588912
254039843
448843131
154591596
611851970
208355878
505946392
104261294
747328894
416970144
683194761
63097967
743939824
297985215
35290197
269135202
106615046
164843058
531518038
326821726
570667934
459499895
320969152
908526286
328025236
271044869
287635647
128620502
536150194
579120239
419963437
278752633
199229544
394350836
272204510
886309996
847718690
564670927
877900166
690040292
187693475
257589013
623656341
393633622
110157706
176948246
40083547
757353517
887259578
545347160
242545248
586661497
42013140
33896489
815075476
545439748
545349474
281030134
679967285
516012927
284445724
761587664
941177308
508626553
26418367
306312244
671558694
772418247
737756134
413035208
588511061
967808760
909106635
392731094
644618625
857886339
176226362
289934484
633522630
987220021
25127139
338209733
670490510
29220815
911917716
296158496
826133906
804217702
220184434
240749513
320070786
891815446
285714901
19017474
148801144
433567513
460278687
417846558
72248658
831072484
203245498
822838395
651870207
936340147
733304415
474123472
487384560
882381036
491833285
986209643
569621221
321737119
4953412
705848339
171311336
444610726
718851141
221154634
725999712
335639892
530900188
712265584
528399499
155658
888461036
69945969
987516492
538613056
115812005
229071972
818980876
728645935
907545551
514233895
332090208
656036944
299709363
621819410
713560408
387163767
981006636
448898721
899103732
318105554
190323837
652394536
751740168
426278046
153019394
494304259
710282895
124226925
353959085
760134248
545044
763713309
542165027
266395161
807043740
870055437
775244340
194310196
849290647
639556177
262534179
25515132
309330759
563928396
813571847
346233609
794886788
556662243
12766660
419858586
177397883
857432552
655540016
209125949
197142204
604120615
384550147
47317361
812291511
593530847
577659484
490674850
830391351
288374233
304965593
321616257
902027427
396571573
312368873
133130691
434824850
954856166
8283558
817637008
746396611
375703047
804333394
95503944
12508313
305916570
494166215
406724006
357081471
250413762
847156736
670498396
437221121
100604916
191195631
781783011
127140492
921202705
322664512
712848991
776600377
348774624
44542330
705649273
953249948
578755385
399757200
198044292
464734660
288625523
787679302
356348592
711820819
143216671
14860060
629975839
566709525
345308403
399443206
59430625
322554834
870579301
514361691
536193712
631053617
691941512
523481696
750435158
667246875
881064348
370721294
92912423
455054962
619936100
973877733
371139660
224135879
717875512
994627379
183007771
650439136
844918590
466263087
946576030
204205724
169696385
142448974
933752296
255592588
491321905
702786358
913785693
541171703
111599150
258636741
753605168
314443372
57045204
842447766
66360445
991134847
445011995
626310433
164512743
833171818
974400769
29011152
77126158
670828027
463526658
597628805
823325841
411252241
839868298
581584172
967856925
664871466
898923213
508863582
788038994
772962482
910488308
696449126
7625095
256989782
187826738
100778711
428382013
148290564
662796617
960969986
86006321
513391530
584026369
899461877
95487996
421215261
565143794
288728434
501225313
748079188
254486363
855333304
733974929
572445049
731802595
898361862
435027777
713563857
507928970
646049426
360839396
27281691
838029867
525254577
884769022
462626820
384846143
197376624
735108178
385667033
852561563
523969411
646690520
888022191
27884483
102653264
420236286
340936599
190066130
292725520
109453853
698603942
993505538
993505538
259258956
262127561
694777077
825204649
143767825
8450912
782269499
106302212
538057642
760968326
181281921
316288504
18825760
585909251
776900362
402576802
133334756
998713740
432904308
239410356
927335233
357176455
891268971
600959536
381295109
331724174
195548544
353361075
540841976
504665840
529798611
954892200
589132413
810405440
942570646
332810426
338523525
341688586
127842028
319390922
142739811
302155343
571534208
505905475
660316486
993317995
958352133
335970936
279445682
590486386
806799516
143652611
247571718
696607966
719614034
424855893
946171056
287713320
973233020
538212679
441547022
76168158
344939829
53392280
439557509
437597017
34712775
665357940
970443888
364920128
123253541
794209932
360956884
458026932
967151601
532124945
167080733
786873584
255395976
143161483
435389574
685666884
239355505
547986949
643175383
164153700
611366946
58508066
357957457
907341572
134310603
492252793
956568354
71965632
340278267
565390214
357618425
803901726
627793935
716739747
182708805
678628497
787151132
975528296
293312801
211848089
432918306
546640163
865266215
114243799
552461361
677466320
713013308
343423156
835058210
356012898
648012008
833977288
602904026
794358568
643545862
521694481
856817225
639931656
845973885
748501199
955054551
907259330
648423857
158561515
178871126
795532988
341668740
272755423
676938904
962292747
906891961
794501833
705770784
511764824
998131300
389823206
524856487
672375962
218154877
21158274
948170081
507073945
23685235
715249017
305616631
57399165
645809510
503263382
31833015
833253143
227194847
466982969
7844115
2121078
242708103
345003998
436407555
274800148
144420057
31196569
445832979
272275451
516561602
915017348
717214273
560483226
730672047
607302648
713157719
604002993
962524069
773668696
879706806
719859346
965879165
861600531
861600531
182982256
375328800
874615288
216061055
739956008
222143855
567892429
768244529
416181189
3904025
373858375
981029617
929324355
932872032
432249792
774522654
761843988
807032907
393355563
732438099
989428681
402463005
121647017
742525139
60012062
532636807
736627901
39531992
7980307
553995717
998620522
515355559
900708553
881738313
160496573
993918551
995405138
962652617
253128569
987207262
19439833
376244833
107436371
223840523
572843546
52488826
821684516
214892714
838232662
677626622
253331047
154168728
631255508
637364712
859933008
807820378
169648694
66525319
957216682
660100380
149200801
759254755
869582549
885729066
428355260
777099389
112245882
315358547
621618435
815030486
737848237
999189260
317282237
476203807
994569781
143848139
274924453
750770444
162157723
238266787
438820985
968042533
267205389
475078443
109484921
656178635
909747700
724051867
51540749
15282241
318089659
959243220
105790251
212624642
890471342
986937239
790166970
886595200
717716775
582205243
265934850
753271769
128222187
394616008
62024789
519474995
747945044
676896822
318843781
372749551
610502029
421901343
257689962
705434368
332282607
894389668
985726500
341225790
748995512
429714974
514377494
509934109
854361889
723079144
28086105
960020294
696126949
716069341
798297967
742169389
602267654
270829648
699065145
899442443
467391282
655003616
416474184
744439155
990274427
480485455
324910088
323772389
673966362
481536167
837817621
459028530
200448591
878254654
688509556
97777780
198905162
307264947
157714393
827959056
799991544
741040603
822651841
322106738
722640351
933462337
908508570
652613699
858315584
557339001
594930549
104549960
297302163
206933049
807562808
971131029
297520493
67217133
98611193
163665159
558413535
853854561
56204001
713074372
970121488
615488577
883785822
566262057
244752082
779074886
286507360
930017774
980143779
767081865
48446618
164099186
865654110
733229158
818836955
689151007
800231150
550676800
380394818
75609759
13219059
312872088
180456545
753128639
12349602
546450046
774522088
487068107
999761306
485462697
8119830
364306729
411474879
384510662
99921763
74518230
382642332
549050189
953720501
537819431
495369320
25694591
83783012
229401361
323691274
146596579
979853968
86894454
704324632
389211791
542035992
379553200
795778197
631667148
777289485
813604608
582116557
246031098
564795823
958432509
446872210
660170945
83938385
336602897
810232038
897009647
790456613
26268402
409914145
201902817
920091720
793877303
730115518
124723870
469772478
869418914
854835070
443759988
52558434
253251054
125938133
224657401
666911416
636141251
565535997
7153399
362499035
909765149
293932698
82050092
229218079
618957732
673301369
592234702
677033947
209705004
739662074
137122467
933571065
788314020
519940635
365106638
191057058
989227178
651064667
204290299
234586013
788216347
451058401
957370916
985295925
543941435
814314020
869910503
589369024
644337450
226573668
702634581
751988174
735566905
416748603
507889326
618011127
630878478
865843995
170449795
415366949
275359575
398039647
656177107
150416912
104715487
446879765
957977617
409349722
111620946
831482077
891798880
707328068
887623903
972378428
763903245
910367384
310406144
121374364
135558396
577182648
664010600
477772074
861680101
309086630
920491414
689989454
404763802
527866840
717249750
497224933
955387264
603237813
776967162
723408920
608073164
328823982
120677749
699353265
32901167
823913980
215314327
870139481
972497104
736032307
350603133
362808544
525080013
848890256
815070161
737037378
515825550
567064667
377637812
675713653
767014026
489879067
437622826
341055592
92049435
80016928
800952491
254328163
400814320
162241348
347435900
409574961
692878673
241725744
990329655
150601772
358416665
923827317
48524280
979865887
824361646
617418560
637386762
472655262
107990568
953306146
282437878
273426193
198929846
540446252
644337074
877705575
737163792
361443755
575103912
239160153
426142556
784658551
154525399
636311601
923569293
23248701
926004740
117391794
879985128
75965889
679374929
70147560
911323716
500837072
110250808
726062006
326694633
893198023
631437161
99771031
721727376
520522889
508429646
93913821
922807199
434349095
636016586
464884707
937643326
834404424
111847419
273323333
520169331
655290145
753960853
728838531
474698491
439164774
884831987
8856026
811461325
676421619
427176999
582062865
972024995
777688624
952214881
609910355
745431727
743311970
358689089
145733496
177349069
442437885
257263682
267305660
945790311
882415570
828263061
258245422
379644251
452732043
60126862
590910003
573322167
595325305
164305229
752717173
930836640
925400058
564875939
428677988
851485887
585843757
276341736
215029363
280632725
618231390
234104606
465631365
818723243
590843550
102257570
748887399
53727906
644321739
553986464
471749018
807126764
688207277
154847013
991529466
554590611
983467670
452227079
878592564
571575135
324237406
147291518
234961639
793132367
351709226
437746823
361910717
308283918
949287704
365265396
158638980
703608115
758976634
516777148
651093835
434255419
747465096
769165012
518528734
361542938
368994660
458624405
991829110
477948242
274795637
173485901
833551850
241644248
400195397
65882450
277471786
91625472
347949850
219672007
670328462
981947136
727035133
734996931
526260685
160903734
686908584
900176500
169737185
655688868
255968179
634917248
975005996
659102596
765666625
209681355
799682065
500427873
351013020
254174944
541285058
339740181
417384732
636831040
665641084
979844566
257336000
135132634
422149041
262830803
330890614
101194352
206803357
68695802
219755901
256384413
225452533
306939648
251950967
934577229
362489961
65312627
212809385
31701356
6247185
288605438
709506679
106613940
847984528
843412277
399986412
103427247
330889643
672449573
909983236
559930803
975420623
863035169
357799328
587808475
223124627
135470064
320484686
593320827
159116065
625610895
799693410
683213012
711662721
306643249
508683722
775602699
468657709
485191122
71533675
2694775
194391562
892810734
15147013
682442324
152184788
45469692
894319850
441429052
200688581
874545688
753291151
834148108
595434630
352224022
565636340
709032613
793159042
26881369
459738939
727877090
905142211
606834172
265663697
599922650
820542317
702300118
534733350
81643600
184242950
658552946
491925902
285110753
317371000
789537936
311972242
94742459
68729828
917507030
32470045
666798776
39792234
85295584
688762230
709233198
250867315
413016395
544527530
287609949
820307444
901006836
272999902
287732229
790400434
25188909
624251491
473764247
425396442
737320875
16095083
604170941
577669068
920873414
377627550
148140116
489718781
759299094
937473000
80634131
899610052
926650220
187020489
820785235
640085214
566297448
258096511
538135162
603446811
612007033
220291058
96142741
810019045
698500807
275176479
994581870
192881505
497322573
307944823
816686978
672753534
142220613
64334217
745857635
763316006
552829843
398700995
580270907
871907844
589767185
227034652
174847942
732820423
902365868
580076688
420356693
294130349
558241717
406561449
128343304
190031711
542751301
721771019
539887004
617496792
714311127
351700270
501800920
595511281
852160298
27551710
498440052
284073324
132660062
839281451
898686948
897303427
494915608
287637530
45532038
217958999
412086860
804328614
37623290
667091289
205451961
676272525
147454903
47524458
224518931
126991986
231979520
132246941
62195319
224440293
901089178
103244956
740151524
983347752
940072238
725229515
17788496
291745810
617693581
203456758
250558841
861299553
772295728
175062930
569398430
626744683
535954134
460420008
348313865
805174167
388056159
913040376
208158532
90435445
38131982
740427700
417724059
986200733
401005786
461291725
733866245
550996034
900725264
253910141
252454197
126733904
115762502
82245712
174764924
278072708
737769294
147145696
468113025
108340937
332484719
485259185
873019865
36029936
458102910
428384173
974947172
763109293
323322206
317184697
303457110
58165283
415088766
394730506
804574211
219917625
901784055
988574029
161217835
164046777
810948395
998855762
508102035
738788217
766660614
175113929
98866554
183285406
950492143
360861934
803226390
526143680
909702758
958743211
578910999
144355212
595178467
136370410
67058373
652429702
830416664
376554416
965117339
304298833
357678367
801452666
762062839
329130188
625439142
799344056
924700011
495040897
693059623
493847650
813454669
748793460
589077381
626123607
235037243
163419151
383810792
903867799
416649741
845815892
244165691
916849117
363771824
66341611
390851675
647161819
273213812
649528832
625538850
220917607
874165503
731340483
849758193
938884661
724941647
831847113
304366818
741408734
971737182
137194223
548153486
76714778
843319137
72590255
650783031
245521294
2015104
742698829
330774438
127478805
753638576
415761575
597762395
306666213
327105933
66738382
619479177
20957815
880151982
266069067
684775610
824155071
836847336
807100912
560329906
707558598
426509737
504198782
248405904
996796877
965905374
951930275
186701837
92538460
626918704
475894270
822071998
581610199
761666850
153719099
33419544
625819565
136814663
101110014
847383623
39493270
90422243
400372655
990124219
210434746
433160638
85467298
256242159
650048449
246523454
332372928
151381542
174453400
392584055
824875645
753030289
742762908
250281515
198203041
336408717
237147003
785294577
730969884
23437438
686083331
419258511
395712583
489519628
381251283
154811328
949915657
463443207
65643944
192618419
353415841
30962835
817805939
642795642
705186693
688483350
794097000
373023321
512994368
136591661
453402876
638012519
579069199
749517822
691755359
469233553
865927658
478175810
709277745
289490502
488911878
780889529
950718989
332310237
257374315
213317932
798378408
526281741
185047308
787603461
782321450
291010980
159004218
558499418
354840620
6549153
871764075
798203324
277015985
650720498
555085407
407408936
507414315
300997789
908487285
777414259
44543874
730800433
593928923
5056601
178747736
17434239
57063636
483963056
28601387
328866313
635357157
627171196
783359235
695280119
755818073
909477875
403865489
139002148
60550726
729614121
430337711
700852226
707326744
943727877
613850414
593555695
965553886
509607014
318669815
113636640
572012743
55350473
671866415
954720862
866568752
871451594
217220573
929909495
162603122
237146888
324879237
591425756
680981439
305216094
188479789
557217096
531477409
272203236
559002516
492908668
942213753
782739806
417231056
323202597
746722264
673307939
584817523
956036654
342009763
348960256
591452901
754332559
501440364
895337719
43448450
362853275
248394544
260046708
715963678
941696464
27160851
857115831
327857973
502669652
508071355
217644543
751352392
806059911
137280379
376557552
122812573
569894581
259677728
993984155
135597597
364890913
463031000
582290032
428059980
477819096
757474863
872148123
122726350
457516226
951915059
598204519
520901089
563022101
14602939
248723084
562050325
793086303
692798853
451932230
76925283
717908387
114959071
467409581
810465796
495917427
195082902
160598059
743561752
411475916
497864608
579139513
867059396
350070829
215770737
401816355
763939359
557919559
777248202
875090611
92921171
152361460
572482653
312974457
390824631
292019314
611683408
474283873
519804015
632889780
692674126
63704592
634403500
115441884
150273505
394788615
33594270
18078316
405026682
767084474
331349015
4901085
189820434
852393033
288069540
578222853
392305860
592978071
199940822
568757634
825149995
247170512
831932313
766298222
351145512
571179494
616103606
739583147
110384963
894324349
926173762
413138597
728104360
665472373
104351298
858905626
438547198
718748007
303081930
274473993
312948709
947360644
595141394
964385675
158520613
934091940
340429403
997676615
945323752
505189678
986582058
683336109
102849079
513756864
979907660
998389886
143095160
164224419
20142347
222841217
269662753
746611476
226744415
178419766
139049355
350127967
999712931
793159131
583362429
703808269
474195091
285474782
10567865
800157754
797178724
635206246
977666971
322608439
447609059
673464860
499802858
676011792
229398313
326272050
678035534
750918729
729483406
231748754
763310880
71611488
276944872
699223443
952677807
696083541
283942433
596507636
917127135
13020140
110070244
580054146
179799255
616584568
512388692
521021950
701714026
433973038
132294778
436784220
151557663
651193629
818683069
422328652
172804948
960599155
212648334
935528165
494854216
442504677
150016930
622592839
870892125
832123152
538817906
84830454
108154944
449357769
897094962
994797882
828507016
336110195
332299087
24257630
893491054
945492531
645003473
93367550
682446727
433887616
970298640
442585249
516295159
684627171
631159935
60291802
323255717
443921857
521511543
444825972
898804556
210286112
173962108
714377706
694264769
901288425
255441964
102381916
27491713
464321410
551085515
452468933
988805042
442373393
816343479
270689573
112039866
35664993
624635318
38619766
385709454
273558818
429408506
933267406
12278865
90141469
98681486
564017007
180367678
843940959
691853176
213461899
337491971
940576118
972595956
526856682
17587727
398925255
772077623
627411151
595173855
962555232
829649221
585968329
90974753
482839069
329525672
637488516
902751643
131811506
273212206
348703855
975616533
899694738
177547378
100217522
16551481
973006398
268988480
339502725
910783993
750774008
878216390
852470022
740178104
107591519
987539762
655683954
418818491
207799618
507988130
623089573
338920944
204660387
756953459
435202921
267744017
17217659
983302915
134009884
280455564
496530929
318329136
327669950
487612320
807629698
286243262
432943249
427561246
610513875
438820732
517902847
406965800
846818883
894384574
88812535
703282149
303045192
520903378
423678561
944735808
188371052
291723003
509048895
628562534
837957653
60538462
331305743
803749854
697974419
590395110
520143397
625247095
866799836
754874383
941635883
45029330
897652883
80780813
434272193
609943608
293731264
982366289
108741046
769516132
49561247
39831064
633369126
101400105
400631378
353953662
164561023
977813702
386336758
560873815
34213885
80953567
549291118
847948718
636885007
434537634
45768421
516348196
881031646
578784230
847632957
911719793
739512913
143844092
4584372
172324884
685198370
593245638
401178758
463999834
472647048
912642228
451837388
674174588
642731714
964124622
643145206
643145206
211507790
578486245
25038132
720782224
378258915
294831437
696019841
593781208
530113713
879770388
61147290
758815470
267166646
323517884
291544774
260640796
102289717
838200786
65980054
477662096
688337346
550650343
457955937
633484193
333441239
754309434
568524361
796080118
775739150
660615900
351373982
334864665
157390072
924333188
144503513
207931067
240778524
791129916
994480377
901505813
823750260
270698082
942579482
617260357
12893278
981253995
377237734
651821154
930216114
104695869
20417599
910697348
609035179
458116979
942180432
849395218
885991704
898641057
241552154
646085978
378428960
833206890
717706542
922977274
356319971
139018240
247285006
741222797
967375761
801042770
384550114
150789487
242415854
308764903
369111360
994553658
300984496
369111360
558637125
521357349
781126882
581281136
908428010
563327453
797358904
943052632
515252482
350707698
160604240
211991809
549211113
788133373
503074966
333676685
36429525
88643265
171409119
832237967
286046703
863319356
104656627
181272729
807400276
390150581
571491407
633161962
544020113
510620233
146554565
313148191
821642218
655682553
492836187
131531002
741640993
768803050
879660257
480144837
123785657
684006872
347958979
12286903
12286903
280342420
39472563
694647264
799924110
314279649
527053974
852849680
910105016
662519257
915601877
311388433
804813707
170095068
492341499
486057348
11402911
106001105
426543639
783466325
340880788
488823169
407848038
271110396
556619694
761725930
509267667
986310491
526981851
46572248
71936901
846696199
730610061
530228514
145677428
58902986
865437581
867718573
49402524
545753572
955702373
706219471
814737232
570841694
755010648
965012411
497852521
662058762
819384105
526660355
105242266
65867191
315195571
42571843
944429325
887372376
415180402
732392206
555582763
563556591
14896095
267664952
593238993
460389418
968460465
57169587
918897307
232058016
780932695
964695146
965244917
651991306
780910753
710904770
5506537
934572856
676955533
477015982
877574055
955221763
686918080
602226623
464890864
436484920
383773926
651045840
447908791
183380164
640901195
232466458
820365862
663899532
441526138
857495998
895844298
301817466
30051856
794347591
669050407
303977343
228563135
453564628
257442177
344192691
22456658
3805192
790429481
141900222
377498308
992859505
957220471
627094682
3398396
369125084
486756255
870645765
492144589
346492575
779833690
630141393
446806888
175341107
212840218
565601107
284414227
320215459
882247704
183478905
840622566
638647156
669063275
714835118
504392547
290542391
891237381
858311006
199747123
477408139
50473521
616848611
512284263
529930850
670659058
360215734
535266646
769074565
399264713
356144704
290603201
419163142
879667252
266276751
117290791
903452542
488058588
98617239
219171470
930562322
337822351
124080011
484289455
853478087
676088979
205758205
388385640
531638463
833552221
295415754
300303119
413309584
979344150
527535543
620031242
908100657
981627438
753962122
174226699
254775928
254162972
853446009
149259289
523472368
894269230
422290276
889632756
119169633
1066322
143944059
658463163
871562119
618845824
874082086
456985046
931090295
449524779
728904743
940112296
421566206
119331075
412822642
71549354
370381855
352847496
917402135
769725671
229679028
33048874
726573677
125160231
259602827
92522479
12871406
70330057
133588081
29045466
144168632
929607268
253796971
669114724
364414469
619459081
767706258
976164809
244709442
269462870
474431444
110590055
982789267
83886982
931967958
355055055
536520988
143786630
989778904
346169939
449953732
513859745
759103877
466193834
762685099
519051960
430509572
344096120
757026906
601258327
288400746
790846471
772533226
193880188
749747775
877453157
864330527
904037276
177115571
309882013
400167713
978930211
953271015
823589137
382932437
658623067
274051069
632492453
214897606
643470743
460880494
888049556
773482068
89225151
676319471
483139656
869160610
908329972
208830007
940384904
823023220
173737896
993111637
629572820
941258752
720653328
938719353
629708594
828326332
215938806
324457146
332921012
602294606
815910524
236935809
635609405
978872924
115671860
32724016
15874979
172175659
918882529
115965299
337152911
120358118
434452686
425472079
180469565
866320253
617709506
106281794
692430850
655421397
484362216
858106937
875141965
115527413
560018426
1631212
924397440
388941725
747006023
546137730
356794839
111170093
249988540
732187158
124019160
369118434
667617267
270953698
2949508
126134996
51693474
556950561
970952173
98449964
902956295
225844028
945419837
116559622
832584890
78126030
854920568
556825843
452637823
919580060
518227982
575369179
98819574
831204619
956501493
126688544
990854107
738480016
813000561
415275104
116705094
21999734
866663317
869657858
574929215
718111853
726465566
200628011
717620390
286777577
4420798
754476469
227162529
859525179
595944087
330627995
535952949
920688528
589678243
526283717
798220174
710380888
881829320
849278104
644430731
291704048
283920753
251653632
729869890
808071655
622911616
311455237
510811198
962107656
580619333
810381936
755995739
843353901
924236510
501948496
554416989
632348312
147505589
463303103
952128838
481153439
693268756
940245789
865377714
687198615
393039723
409219000
830550929
41936288
195840669
999951911
137131386
902746548
864305851
903757667
858271149
412031146
815005861
805446715
957147742
879865496
466860849
981258581
153363469
8019294
905467058
860225241
423575858
939502292
32058046
443026899
931955525
919463655
712031782
994740820
125996278
49296539
69522952
159813196
414385342
776184045
301086915
768916938
646250737
391964811
472252046
61565193
627486181
461904220
669119955
759067496
789096773
874171831
168483531
179748079
547203904
52977144
348204107
619445423
389424780
359022890
345448540
176998782
95486117
637522092
968558628
875263423
732055375
576188063
810224864
795859684
300184307
876988168
251671821
458484201
900484354
949582774
540778614
475018536
685340113
969484971
395006855
475437795
19877143
724541941
360905592
7410509
580332492
653044602
528818656
274301200
984279689
546605592
124879633
84498487
602757715
318892162
785400685
247371095
76810584
320113435
814100846
948641818
515842331
435142932
934886479
307314047
522747007
638765222
25711920
619065198
150902341
680438445
429248952
474490295
690327957
400433702
984810424
922455393
883776148
523468202
66715619
47205407
245999403
626000939
403941078
983960015
472303852
980761595
572786384
28984866
678462002
936986649
153901274
822014238
674003775
315800853
144593767
568747983
517500261
966930561
864561501
226106569
293359809
519075592
41149984
97793330
600512105
901660068
881918852
556901912
961082196
731289172
320841652
805360146
186730055
369029636
22436974
699148716
484943094
461166969
936491613
97139233
491885592
383290942
240354057
357631143
490758172
554404081
733584528
942438403
869247371
638314948
319246975
336343036
163748573
261114690
0
420782255
634245123
916698227
786856335
532268289
868183500
95184954
730389762
369542481
567238776
939426993
181023734
998069453
857795716
32411117
967993416
523477563
230569422
404034063
757844846
552445913
878221142
765296670
70218012
179933512
906104450
600270610
673999653
972545131
604937535
874814249
874814249
360207538
695769480
846221543
837890749
368249417
61887468
722096909
75940405
751207867
327002035
337368096
264137239
255106778
858381171
965590140
495783330
639592551
191362243
65697255
740583389
734047377
918553076
269155990
349278450
179297896
155291745
528834264
801319593
188731274
153989429
131184573
458884639
573553410
285714649
174245327
376508535
530612145
617456113
775474353
169281098
284642982
828724851
333618252
757697028
920087
457187390
25870437
899545258
187248428
429304460
5540893
745717882
260092543
389068410
832783980
440850816
655469022
894079065
108677663
716482727
802164310
76438986
355407217
402743060
492715034
428298067
514693699
424120269
461784581
525643517
515883230
688036952
589548115
498324760
246585706
948588846
557562733
813970410
537788061
486930773
115490797
217732223
444778349
772953881
722389178
953443211
331495996
873538650
932610289
291704029
174049186
147293413
275750471
504067684
375146644
867442685
322836356
923266166
330015542
783074961
883668703
630685689
711273646
4384694
483249478
765315176
564796549
463476304
298640871
578873291
755117515
158246619
602573937
218094476
600280580
239459743
342543372
751487503
209557549
370964237
286476097
301600890
716188367
877100495
582804433
385099126
173658741
134826146
308059978
44603281
861292511
929953350
806540962
565889146
955005784
225355651
256963094
408498356
483696336
989072162
339749532
756299942
848788120
290775195
271987188
928296021
65790570
534686166
113568776
801499898
577929890
93007902
366258045
449432873
788507638
548186328
5774857
960000089
187781040
9067824
871154543
922938485
755285685
800459278
690277546
979149631
734939676
372330765
949697433
987761158
142663284
762912361
780005031
572532590
700410258
933301430
386231397
1011596
685254478
394784731
465671476
622169490
7345566
266924886
9286528
340354226
969945312
921741509
682480896
745166458
117573751
841288035
697030393
105322121
135847439
593922894
479696546
531156968
423898295
560973013
847796590
44893060
995119807
686395818
682157935
743939311
59425337
826837817
434633997
434198282
834718315
395813290
252563935
898510224
569535934
963644772
985477627
655569633
155190154
156469524
912459773
524637629
838863405
334459019
165658145
149117845
105606084
472015355
28740772
315026881
354555642
392146391
968718204
852909967
786949736
763167596
456338560
135474022
405631259
393276090
488324278
381325157
625845084
347560691
21728954
255141200
626426099
481784256
168882412
829174617
433624390
688940873
551997916
395657064
199464797
439637575
420113520
496951662
974746313
759420906
998905048
449205968
80218621
736528663
892930894
337705470
744727118
669486476
775169370
467127981
439862811
699468791
168648404
892712213
162242777
460119969
959721364
697383379
541669819
148829354
280007069
873549698
967149435
925268143
476189031
159640565
890417454
222708314
660654400
969042009
370291130
559670409
445745348
839137447
91172440
891554150
505878850
83714056
507950272
290974074
805168052
62316390
746787095
191215269
150744371
609234365
723416430
976949782
163000962
60261674
953705106
895652241
47864801
107309163
674833449
704668297
126239213
273312465
850363988
414724669
274976238
839461398
834403127
489030926
329479471
944176008
190137291
50368763
370083242
677863344
323994280
443701333
702914321
66052555
412710525
948174003
887838603
801692395
789967202
198987693
34672029
255353441
641864690
768488604
655523522
308031958
333686393
376238353
329083653
17035875
702281041
292629986
914126319
463793252
738286207
347529405
67972900
877478621
240567731
436969494
267446067
49176548
431114259
288923840
363126123
349701855
674166016
98477492
17850744
821364456
312312557
637706148
965195771
627742577
66541242
673800891
1536933
410338890
232202451
303712620
447732155
69942908
486190943
506960381
882591881
545374025
46438047
634828521
840652509
413825420
83527803
913084029
222450538
149871007
391160532
821556962
230393163
751058367
68652892
572866781
825183988
244923157
40365990
137824022
761279847
972157770
762334538
803264086
221039189
654013046
287955832
343198219
970613571
637301805
569866446
219915925
228435306
176829982
9512176
273190379
913460183
609862308
395981574
127021743
91124104
208881151
613535895
15133949
950948168
676377193
501253074
275241710
902425545
533415805
843600563
258201536
280616619
473629528
869144337
40053904
695056554
207452732
433237552
788642630
66419163
437308315
323502322
62875980
878068431
16768585
939669135
54969441
181524563
866154265
539121837
94496314
202150439
787944502
811736818
979178874
78128031
47915924
534251691
463872253
346195664
553014002
860092930
826466705
316504788
593872028
751202386
991780895
715298868
517670234
512388609
888231466
478850446
803404338
492507052
744294615
185983202
35427399
601626175
360711963
413536391
139339168
753918674
40289185
992125164
413342499
433308635
543478222
935534751
206381851
883341544
358890348
215831483
473309396
703454686
55456361
373154008
859761300
328439826
9283847
416573378
765196511
821415032
350103548
365093789
825868414
591235848
504763894
59462203
245056081
278152752
619810313
282502871
707310695
696395645
526694222
72858629
605935937
734846603
62352780
94635171
122523622
180921471
343937829
675995283
75837814
331948779
150979824
542532680
115161324
849682493
403587386
668193682
514637888
602952430
2245453
446421914
839505154
240297775
972735022
938963321
833309811
914812062
134166986
918780280
832529748
378224313
428807064
277424084
725314006
507605235
107197404
274684633
593719049
124743279
419529166
747101695
616375424
805674439
773206231
981583867
758423203
71304967
51989010
983061776
574529764
850208408
395134560
496872151
960773758
872774761
372571687
658467966
847172206
479975859
549624608
944168622
174884127
869024710
67781421
306557106
690050926
423798636
149350830
710716670
826148156
83899203
229205291
747905540
297371710
535020187
581184231
571488683
795095513
280969970
48111923
767112357
211032369
361071963
509754405
145373656
285678259
102208295
114157612
469909852
1006199
613139844
122269347
849271504
15202016
282560618
593778023
270847881
842624632
606284892
414084538
82411124
730613245
3107378
89391186
703468281
296661882
948128174
895967809
641352620
616674077
704386684
926211350
35429416
898813118
106398041
870223357
155791283
688062799
863915624
834594713
803659908
519865176
969526360
171203501
171203501
266964454
295623333
80823521
612314880
765295380
194137713
716462293
666115941
785616005
302481519
980285328
451622892
697571230
590249912
859530077
719035282
994932748
457683274
170077784
895454946
555971861
498732401
127659383
392327740
51732772
379490537
962671023
468435933
99583769
715208230
493125370
91120016
327762376
153870738
34213077
787395664
406383558
7338942
390871794
151278805
979564989
647388858
721186107
932681465
207861605
639662891
7707213
476164326
234545396
650138156
912643388
470192731
669591044
695779258
471147861
548000746
249997694
247508563
548594044
94451379
114066999
85889520
746377947
87413959
626811503
933527851
781855084
889719124
397805949
424051275
341319174
330171975
594517690
51934477
181292188
428829835
588105626
435392224
11242023
613712549
764298852
619247959
375417741
207391797
330327924
904503525
485210971
360939696
965989375
137175678
487055486
917331976
968320325
147214590
994692814
771043106
384448610
391831194
706805390
371576494
273099574
996034229
186524033
544558647
700595057
847904820
101043133
101043133
811264135
493795928
351357228
265641252
87215105
316867356
861287726
716247941
54240333
581064228
45679152
889937658
511395662
247826672
532498672
47167562
869555470
87729715
929562962
293976442
59407633
240766106
407554039
475524995
240585679
81505488
94600095
385495781
983709254
320573147
24343376
512665052
609776437
27856173
877274777
706606166
744877197
454453915
470313368
660115707
281106229
453629427
882064805
869357471
276309590
441168811
667216171
561751310
223143351
570934856
70092690
410185047
150123114
545353252
590618520
973073764
73502046
919201488
637752573
454507391
82777187
843759510
936499516
688769912
179434876
595893768
8246821
911907799
435045947
443283789
70426467
323826626
489319799
214428493
704161094
169559912
59281102
876010599
802059609
497135417
275970257
387875311
813046336
204596460
160348306
819399751
266403884
829939319
771199351
686133301
506903969
654902807
470403709
302907190
607647120
762526156
598507245
480217213
251633747
262742002
558033583
311234288
399164742
922580109
217123869
377576844
942512081
613895654
379590308
876063405
227209550
118147137
112532138
171667349
471758099
187963319
503684989
313241918
685604611
644057917
975766007
966763349
468582878
371690972
82115687
425888092
867362504
638818961
244564095
824728230
782582021
748892384
524125585
612826844
863708879
155056797
63598036