100
660179442454097597
920184472120264876
727981799408814011
960852717666810043
12445850653044309
977639733472513472
273440971078821491
122345441983675987
460044939550570001
587546755226178321
450719777371787180
955639954532747632
15605951219253015
919357102495157463
749005821148622586
308781736997225634
17592186044416
974727632529897587
204242416511950126
988199344713839761
134217728
8388608
116677128384064577
698015297105038150
928599850219571015
74988887114252596
9007199254740992
624833397538455468
315658778257776192
3
10
468693980094563655
218541772620829967
602734662820633767
883932717423968308
407304597874040441
986750627933555728
444831163773346080
941666912978014465
958403665200627321
473433537057002474
919661829150143555
925742271470030888
667854299174885600
149424238645639315
545071498011451752
112159310730283316
58756362686401725
244813367566270980
562775969146082316
213923261171959035
390615401105573953
502148121182201852
986630782748887736
66305044641661330
802779338993701171
536369973962278881
721145528319994242
961981441067593434
349037309775074773
909558379228942134
583834546948753552
1048576
992005575479341393
69973562984543851
1
965115967670477201
125093268002939164
344210331318390950
971168876074093453
136189357845485113
432414373314414305
934509486150926226
35255261007289755
20570250404366355
156276729341869077
868855448611591983
241643430788813873
632113511656878571
273675843488748306
38395323999098420
958035413942130962
869440375819962574
530859381302782593
872282392501317074
917046939158645758
952076902571056966
970562593108257373
329567924988559512
2
973646425657997427
499486855392685267
932173692692988711
268435456
111191660979010184
317301657323102184
736644630660334004
920510673319901905
309811264723444691
56606801424740946
