100
50820
94154
71222
58783
3
32768
67495
54247
34524
79344
45599
53214
1
4
24960
87816
63764
46409
91460
41245
62875
91995
87337
23589
2
3465
91539
72005
27608
15618
92835
22014
83018
62125
96826
85144
13444
26716
1024
8939
46803
97211
78726
9939
87896
9460
22892
61604
18891
91898
93692
67701
62914
96293
72843
65536
49500
92089
44914
35809
59325
99701
10
55958
50103
80543
54817
65565
80480
99322
64115
4716
52209
17945
96843
98113
50223
65905
96353
92105
93940
99284
1703
25598
92631
99712
65536
92407
37266
96227
90836
91269
92417
72963
8825
61547
1921
11169
6389
16
