Case #1: 
1286581.373804778
992735.446414070
110993.581676303
47186.643928591
1008313.432738224
4413081.266566903
2491351.427055675
541723.993910910
97493.399307230
85.517078767
121301.410729962
299865.946540486
480643.910349009
1847760.201782403
175740.084389144
254140.670889075
190.599055612
38207.145300323
44474.657308036
11831595.147177095
99083.000000000
1680385.004591388
120126.243041969
3752368.103834266
891250.523466363
3124.320272298
173608.320994785
5708916.184192383
487352.308025659
6472616.961096928
206731.590704884
129803.862472110
144856.313534279
325647.811700466
191233.063740448
2563.451084301
75557.885234963
106009.196971091
10791.919297308
449301.656757724
2330935.010270448
2758707.516262382
1777876.679289754
649003.512108719
291441.429442434
Case #2: 
35055.474784953
111009.238364939
1916824.652879487
3917.649161410
1676982.534992626
38766.456535687
17949.108790669
10768.430051920
75620.519587110
21624.180524040
175342.068005972
Case #3: 
34284.636663883
75196.828750095
172527.348103515
31289.679704558
78058.729658912
45643.059267449
31105.688023993
335179418.493840516
62520.945477590
42422.714152981
48782.596042262
36500.680667719
32462.949034539
70834.472211517
35219.708165470
41498.766151479
37471.729022937
34819.465746869
52108.208989737
67294.133949843
33293.998777756
30841.615948996
55625.690208655
30215.412861031
124629.128607624
55929.665452330
39139.712844445
66101.346319786
1.000000000
189129.419252952
7764.154778491
41884.250065064
23760.865592181
15528.935447705
82858.771876435
9062.837004875
9603.658006638
48424.839704797
51473.052382632
649534.557683724
33727.287065541
13011.741643903
49164.144566430
23226.000000000
20355.295083293
56836.353675211
39150.002563593
25708.709667471
200511.852013527
35591.855753536
18695.673898986
6789.272722893
24161.327934143
39387.412947728
51102.035654481
41292.801839622
69609.069943699
38677.133257741
62955.955951872
41628.553935778
38659.737016093
75702.031830856
362819.323523771
51629.004666327
21008.477143690
35087.643064995
872.739651316
70768.556784241
43115.746505340
45336.491849954
19359.927136419
57425.914239576
40442.000000000
54165.858029358
22314.851583501
59878.892402010
70865.592283165
1987.923153760
53120.324780364
40173.240146819
Case #4: 
33896.248594267
31053.285524006
29296.123439820
35007.295959660
53785.690000860
34803.709018780
35129.590039087
33216.348558362
20097.805142036
30293.772657804
29166.486783710
24793.498016103
33569.848089809
30977.136025063
26071.802188797
47767.844468059
17155.714124146
35205.628469292
36656.543688800
28767.710385056
31273.600408939
30973.947111340
34543.994746403
130939.226180113
29987.381319012
86160.165518211
29914.852804747
29752.946171345
39019.991223053
48743.005254069
37819.420788244
27782.607327188
28381.768862758
33064.093528377
36765.174891089
44822.055183044
26573.303892278
12955.151894411
29958.255276288
111194.669556024
30663.732864068
37303.887420724
55859.665324778
38413.502096870
28962.725192063
37373.108809793
28740.345623755
37360.135925095
24974.240813547
20550.383221619
33976.118959870
33043.711696052
33102.127429233
4173.700478580
26220.359714356
12852.568868070
21045.322160890
191495.411810223
30838.172311541
37148.029901514
34558.867175650
30964.863477663
28196.079592911
39491.114368690
109898.119374950
33538.181308052
43548.467455578
28888.533438079
38546.130264570
45493.641601115
72660.746207100
30405.262053698
28302.924865590
32662.447682548
931.380695527
28971.540703167
26305.694047231
23941.789780574
33344.672815860
30658.997588592
28631.219349140
35825.722292103
89613.241229948
30434.660840287
35264.642932474
120732.738487719
58312.375369430
31948.023316139
31742.520211450
34767.738855720
25451.240393690
44544.216462286
34829.634914547
30402.094030303
42435.740235112
90581.098887117
29414.570639110
29812.664841509
13700.617269767
34160.098790450
Case #5: 
70365.145835698
187986.953422971
64626.513950601
46630.831830135
65412.431846045
57331.992027661
61811.904435339
41448.619872008
69017.205969172
39932.259794363
68056.499274185
75511.321456024
72165.963187622
56845.033606054
73576.935865441
41228.463670172
20971.428459783
66507.535802267
22336.041396808
60982.215177123
47056.059508078
44758.070395601
67480.378784292
40736.653998405
34720.479236848
102876.505759064
64851.796220668
85596.584747104
21656.039191563
125239.142187739
35318.812850770
1114.220647653
39771.292608769
108004.072617994
80782.843153971
68280.724247427
165608.657701279
63397.597000841
68929.103854958
167323.620302714
47955.889634759
62721.176651145
82739.412617613
88343.822154085
50793.860235759
142788.097986117
86653.240091726
63791.526879309
38445.598527295
108022.691363859
32402.682462320
85753.967262453
82769.141551378
91801.749969929
56997.008312268
30459.338609515
405112.236932267
31048.735964693
79348.519342721
180272.875595641
74139.095589762
52013.323875956
104172.985809546
65670.548140321
60340.833979560
63274.064789725
29777.730287191
261336.002354313
119883.451828367
139734.099284490
20059.110361756
68477.396279349
41366.128660385
67239.740203778
52305.084280363
83150.287898232
26646.096261677
24599.874340124
70119.213519742
82099.416754301
61012.874749759
353447.672833205
116824.501109463
111668.260103731
334276.064709998
66820.733622767
58479.325927808
212178.140379329
51035.870056587
74366.850053217
33303.730462035
49995.380110004
26843.164838827
45727.733407633
84723.010798623
72758.659852802
114883.890240522
35771.309580875
63066.053352416
41345.766341513
Case #6: 
13333.366147119
50980.526768082
773.406900462
303.361170884
12674.428858178
165.320096625
84243.000000000
1165.885851144
4855.961177810
1079074.457013648
223.860637888
Case #7: 
9565.095427473
32923.349249611
23826.841127838
58736.043125504
37570.563900122
52982.543079007
50416.120136941
20083.998169719
37414.915931232
33392.452100492
75483.886196891
64599.163496979
40317.221250037
135984.472666026
71041.605571642
44961.317727343
95967.108840121
61932.703421637
13307.812065828
57587.274139643
59279.889131728
89936.511499798
50339.219606592
36101.305065388
57482.676980630
31702.993265360
52510.941405643
52570.572680116
137504.617484530
58648.761608707
64857.605766592
78785.356241866
68234.266750984
18446.020496089
103106635.099576831
64057.241967744
38463.187352603
43334.065583984
20367.115559287
67724.022014963
50697.043063155
75603.456762334
21479.132256528
50208.711748742
123254.723403693
78563.241982523
19464.991208898
65988.364515442
44186.833051071
49235.424602226
72757.723663587
66990.921177073
48854.495308993
48376.632668059
102310.161229691
5433036.605865463
36103.489313159
102869.645000391
43894.571955265
49179.156039969
47015.181338219
111410.337069369
53155.247851310
38267.546655458
69608.746926105
70818.570345520
4107.656889389
8233665.477364016
7194.788749747
17065.850941552
44646.361379592
53134.052685359
49719.821770171
55041.568018989
123181.602987866
28194.496285509
45301.557429818
49387.483661869
40218.296658361
Case #8: 
501.747517562
41933.188924994
34875.021811647
78032.909021769
27839.838238331
791319.076953019
9240.686064445
12932.482010188
1472.950715098
39637.352687666
52530.688177643
22208.482808366
456137.978414494
6809.087501827
5742.706138969
825.837756463
43322.923248194
396516.784912693
629.792181139
3500.912754387
3243.062320412
31172.015309582
6424.855950646
110614.249600321
8352.557125026
120831.808161469
33864.365807161
21625.630193805
68547.004382002
41917.923541130
1271.701686603
52647.863362633
15993.560079317
7562267.410394188
399858.679560943
Case #9: 
21856.044126181
24563.674415840
7416.125861163
45952.743840534
18896.124557287
14243.966521174
5930.407329649
23124.056074620
11503.138111897
1700.113699777
23626.214651525
29888.012958799
23437.178270719
7958.500332984
6805.898647307
14874.274688983
13946.203693228
16406.201620201
37098.438655062
448.281392096
8868.720033153
22179.394493663
10438.450134082
3.914867641
25931.760845473
49743.095570371
11374.972151871
9630.874532128
48830.698792096
16802.764551138
66086.685688359
14625.413296376
6859.089101652
10127.823492097
19126.434735850
14782.445341907
15846.806486725
59502.782505141
8100.628464588
474655.150666841
9882.462030332
22191.411195521
20271.387254194
36419.271124662
4793.881309344
36470.025147552
18551.748527346
23297.090980838
Case #10: 
8733.366671879
35862.063279369
30424.572549931
30226.154985200
54067.716070336
45405.450900649
25998.703916517
28741.169563451
8410.439631391
61646.288735700
41013.237599887
84511.254576951
36224.042200181
32044.633670772
30542.335707610
468336.878779165
47722.638351286
39197.692731361
46132.014486524
44863.754221030
35794.694758323
28999.391651462
200425.128901740
116110.290202027
26047.870393926
34553.653855251
36417.632770883
23669.901877076
44269.115270511
5154.909444621
43164.832732811
46215.006082185
11580.810819271
5997.886202850
28203.463052154
29147.690671772
13073.638605536
43746.036376245
101075.619857438
27243.889778288
42549.750104036
54659.996120763
51146.602318533
18781.261421725
40575.371732883
30854.323103245
38547.739980557
65164.853513937
514902.611753839
45118.781831063
16421.188976726
76790.057049611
27731.582162234
29755.933442413
29872.731708532
38399.169316549
38255.044857183
32439.933687238
16383.374464311
41789.553026492
35574.223902534
7280.292903410
38782.697228042
21106.990850129
32640.296270708
17153.142404592
67966.179213248
37415.165433289
22100.837555031
29829.382950040
5660.739415120
30886.956328850
46191.487446699
39175.459836871
52521.520496266
16201.487862230
19580.317362115
42590.866568959
24229.085755797
32529.302914105
27056.878008608
23795.448977669
22776.863740704
44170.858334603
31220.091754818
190549.187573516
46741606.000000000
29295.297173231
107899.987183954
19219.804941073
41309.560939172
29459.238647746
28172.914567946
10798.545391426
29277.529146332
4584.047943077
70116.258577908
31063.854964236
42761.852601754
48174.083127146
Case #11: 
20429.301895131
20154.224357207
64856.004118374
35695.826646887
8510.152548748
48657.354056257
9662.817790251
130577.694923373
55474.310114009
40949.204100487
37848.332350975
95218.242285218
36334.820859085
57051.305239969
29790.133583672
51947.279446064
35235.123608272
39890.702440025
4399.716028850
43685.423273650
46152.072684622
51788.679200262
50531.984458504
61185.451048335
64046.349444020
56745.582935536
18392.751275733
20612.505062173
42834.409003857
36361.767218131
53962.764587298
33915.988144674
17045.985083698
47117.031332128
365.717842005
137548.631977754
40279.281131165
584.930467362
45321.645990955
116463.195424097
5327.721490878
46954.598006413
27235.415009021
66365.184511308
53199.413731573
32756.060209225
33216.420855187
44074.325026668
46824.187131787
44431.100152302
39568.125431981
47364.648501340
173124.131423299
5246.320299817
78419.546211578
196341.388491488
47729.551772024
40603.101473257
15470.973483952
27412.120673173
44548.663132381
51236.183128494
38879.608561832
33686.106823201
36395.579603460
50247.036085492
34438.150599098
40559.050320770
98478.039817121
13068.226524879
14585.068337052
62528.468016822
15049.523572665
1318.627391389
30868.261435074
45348.818727873
49050.956153069
82332.270568324
81969.324745200
42522.309383747
39564.329647315
27498.027642051
41867.706098958
28960.524696835
75793.496148306
43767.176155494
145224.172598449
61086.669056109
45810.474160783
97939.780174080
75649.228182911
53616.235648810
18889.761800940
45060.945276307
111874.893467600
74548.325987830
41762.609059920
41809.208845015
43799.146194361
37925.510814363
Case #12: 
108588.899674973
196208.612280419
84945.253593123
33843.357688764
14849.082281733
4539.673420433
79688.603167566
48710.420842677
56693.105606898
28279.919427943
95136.316389372
81559.554344977
534458.355999394
41557.050003081
18101.662758277
50545.453251336
50248.928863418
45796.628790434
218114.890674119
90223.552089523
152218.641073213
6022.110715197
53467.699804555
35295.538832315
19225.593092407
36446.830023785
9342.699083347
67290.145046826
107795.733155859
50479.613263421
41115.819451852
250719.458731868
80375.792584792
97.794376582
393981.476624928
6322.855987292
63070.266703738
55030.926049383
279365.679173729
234021.324678159
44579.580935040
97362.180650889
97707.242570350
135220.536033790
34438.319893218
55598.929592407
227986.871337821
140806.743220627
182809.641556892
523396.861479550
325371.290802616
19359.516831804
15388597.356334716
46265.036625950
235862.850775859
121139.051494578
22699.937496062
11730.799128535
37748.476827428
13511.990641234
349034.116828063
18396.190216070
81409.031187503
411833.952191829
83235.269567583
16474.020996158
73392.095472898
7667.509584057
1770.408532733
113443.698888035
872048.720313537
68162.507162864
64294.570253905
108580.750969109
24666.462215477
39254.223866790
9524296.640673455
49416.488520264
109603.863881966
71145.464150051
73299.331636573
35290.449676768
110738.187255188
90724.755262669
150610.137361249
54979.374591294
51043.986873403
34312.439735662
87471.159206097
406303.350991162
188919.648482294
96911.549351643
360824.667264676
59723.551418959
59402.147730330
59221.803237386
Case #13: 
8004.689602575
2221.590924429
7149.209405268
5879.996180298
32492.938140051
436.217277723
47867.341048083
17185.280695154
882816.328085282
40687.742862729
13310.983794210
5016.011485076
1045.814339486
47607.286414755
38753.494500496
13604.192239046
80644.137012498
6.480740698
90689.326611496
10689.175199651
6953.807842724
6716.619693300
18692.377522647
15586.357250086
10029.239671627
2031977.067169008
48845.401043234
842053.949497896
119899.324864306
919.018947187
9192.465797824
9216.318352027
56758.671553045
31739.976077235
11753.927755516
1642496.519956569
176233.920247805
50929.299388420
79516.611547525
1311642.855673947
3861.705986436
71667.072998156
1150167.079537098
21422.378422667
16559.918875698
Case #14: 
1.000000000
2.000000000
Case #15: 
17285.072277718
37699.189661512
24588.307944858
75590.590834412
78797.629220183
50606.323535170
2297.422431098
30511.191008055
70756.610062810
85861.086690435
44610.692687773
20878.121972280
85157.382614151
55104.692435422
110308.627772264
44076.785353866
4548.953789125
41429.563656762
57617.600674258
127047.040782358
74752.094551334
80480.780047409
110086.716595943
62651.432077133
47053.911275448
82655.060044993
61731.291416560
64228.388251442
68288.197535173
Case #16: 
88669.586320874
44219.398875930
22817.407932732
28128.429093495
66465.349171798
21683.741654388
32252.585487451
34289.682714628
1842.349152746
33636.765946108
12239.676720819
25106.309822557
96466.247302605
25931.838343816
46741.196180228
43916.865347000
68334.399154668
25827.942129957
21811.106625980
103645.633508945
347892.651415728
47819.785867250
50676.558158988
47644.578262936
36240.587774555
36682.851256572
58206.386996294
43157.549903364
33967.727892323
749503.163207926
48586.006920421
32993.676353687
97241.019244830
30855.201407158
27997.132755251
16772.448951586
12394.805252540
1386.421452277
39064.754972419
Case #17: 
400883541.309837639
496504069.054642320
443704758.485926211
Case #18: 
105463.163006033
42828.873698036
61474.348664625
57349.840379266
15511.891604454
42241.732298937
42729.011131019
75344.368517270
35085.566025946
22921.724477565
93592.446144295
4588.498575125
Case #19: 
110.131568234
252990361.000000000
33218.109578412
608092275.000000000
33950.395368722
300082749.412078142
809700.356742837
14899.942880709
19464.714594060
33950.395368722
41082.214497274
32.660742134
191621.247766978
72.549363146
33.968540681
4259595.693567666
993078.298921734
969544.662642133
149399.151424491
19503315.881038580
19503315.881038580
125083.619777779
223516.241513614
390504212.711703062
33218.109578412
19464.714594060
353890.322169241
6896.601163331
356.771191950
4259595.693567666
4066643.692861720
46503.000000000
18896021.895127192
75115.417261945
492850.177915640
1456033.297214491
186.654761525
3862781.664359299
33.968540681
18307637.821128912
545095.284026835
993078.298921734
43854190.836409613
4259595.693567666
968250.353990759
3.000000000
9992.680614744
2382029.033604034
3555.843578033
180104.837209415
180698.275594227
452366.835504778
18896021.895127192
2382029.033604034
4590479.622813781
1456033.297214491
110.131568234
37507.727974623
125083.619777779
353890.322169241
993078.298921734
965666.917953474
23.663564494
7595.866287680
154.949550005
439885.175742911
6408865.746811990
1862849.110083807
Case #20: 
538530.662554221
2.000000000
7595.615963175
17431.040889936
824552.998339455
10712.108808909
14483.781587769
5109.091902968
16258.774295580
7459.804213220
29764.460257305
170.188131196
3206.428983465
13049.350972131
22643.319540274
11314.095192745
23799.103780338
13395.446959364
15904.810269169
5306.506011138
33353.337795546
29478.047942951
37671.262808408
4590.718043610
159.724003352
20187.708457472
17253.307754082
17868.473190793
18221.349373856
8939.827813070
12223.227760770
13127.621151024
3290.052884208
21619.987358086
13017.010952996
10245.799219187
21.154655270
1837.043674080
17220.916158791
48392.646672816
10091.487109095
49981.764072340
5551.186164725
13150.057594181
12749.054482343
28413.020676644
39580.545174277
14833.607880759
15544.296041692
61819.187278193
5328.093841243
8281.888763195
34168.912811641
36482.044497956
Case #21: 
46769.576480585
69353.394090190
90301.927194757
64818.965212601
68182.319619856
58596.150195473
65560.347328653
75679.062060206
46680.685389472
77148.805655012
64709.901656538
66207.888484333
57200.648225192
69803.692290992
122430.816913557
57842.097308188
36039.287610315
59422.325422937
73966.744609049
69641.568724127
74797.354249508
40628.506726650
99250.286305159
72788.764737355
60518.449807772
53053.503446970
42581.333949620
60974.958795146
68789.240181748
72813.821075517
189910.005953620
124263.329849281
64107.772828242
103668.619602144
108561.378555746
59808.739544201
35433.259642138
74441.830928028
45535.297930604
76146.814771066
63374.608467635
62919.565734740
290286629.000000000
49013.702743280
54045.376606622
75162.779503320
58203.613642439
65971.056044479
49381.713833312
57544.640418669
53657.286171183
75004.481570173
26981.597921811
85719.993285367
66115.686008911
48644.774872890
68330.870885888
64703.952941829
68996.798983383
78284.203638896
68057.630392682
64762.491995338
66674.066226933
55613.156332426
71334.435202746
56600.737979189
55247.456754303
77922.287646714
73908.984110448
39896.384103762
11961.816993817
67299.372986873
64044.004532966
77014.264008482
114387.593877622
71827.838936641
63624.743927369
1253458.246053839
62613.889738274
72907.018280720
63672.643926520
48347.209518622
74741.186284654
67441.809253414
67241.931892576
70291.790628814
38842.106609330
125617.029455689
134970.033110609
46367.250510589
53737.065636040
55964.379281228
46022.587982784
49314.926508178
33120.709815218
104453.303688946
94955.945844651
76763.276007490
44970.151541096
75475.312828921
Case #22: 
20631.894104368
35883.411301796
31710.265204761
34356.400774211
30036.746440237
27803.304460172
31397.229724445
30021.327953686
36483.977841408
41217.225300237
38640.616713401
23322.842465060
34391.158839310
31444.868105454
33177.066418995
23085.745037687
30578.801369237
30024.593097222
8777.915122971
33360.864421100
37276.750570579
33390.503357518
33694.573521163
33453.529305516
26458.612358618
25109.298555990
28287.704633693
34677.011820887
39212.185251225
29927.445737605
23915.062285639
34066.542747283
27920.750834730
66826.706396439
25284.334298052
11249.058793816
19354.761186701
22811.693101485
32228.551253006
39772.886715954
77444.755314578
26649.086128843
27361.919644898
28995.242167367
23315.175492282
34118.635742973
31404.873767466
32474.243768274
25975.638407527
38076.057368196
37642.514587058
35448.013730442
32250.018902776
29191.866910328
48917.832786891
2350.815517450
31247.045685984
22464.247921952
32921.683190365
23973.718589708
34547.933101419
34221.121892802
32797.343109307
37704.221351669
32230.374168755
26950.327005763
29354.260257582
45421.510643416
54359.866369232
45169.422199210
33647.590386629
31866.940797104
32124.948585208
35081.515616170
32075.555933774
43830.573293790
21380.964831261
42831.767064746
27572.225813928
31761.067453761
33016.410762333
31213.773800500
30701.304941998
18309.666684031
280031.879214196
36071.885937675
48409.923628933
32813.710384368
29502.293181076
12981.224420387
46002.174366635
36031.353239310
26142.760649154
46523.453338349
32238.891415901
31362.883036940
27390.772534620
34205.955788811
30499.571441390
31035.880674913
Case #23: 
21957.000000000
21957.000000000
21957.000000000
21957.000000000
21957.000000000
21957.000000000
21957.000000000
21957.000000000
21957.000000000
21957.000000000
21957.000000000
21957.000000000
21957.000000000
21957.000000000
21957.000000000
21957.000000000
21957.000000000
21957.000000000
21957.000000000
21957.000000000
21957.000000000
21957.000000000
21957.000000000
Case #24: 
19214.559425520
55975.506677060
101916.764807151
284424.014296638
292698.288611827
48189.979955066
4365.951855948
36100.552511109
1144298.824841349
175414.571531214
10162.887724571
524171.030052330
46535.498680323
263141.538881153
62726.011544252
15794.890632521
99128.961160686
27835.520623636
114340.051882436
43240.070685056
32832.636663589
29697.309829529
107171.453874029
28324.591491260
46143.104016197
47527.339606209
244004.997917575
52392.167116180
36768.697401498
25152.192885245
34509.067944159
24698.891813507
42443.220642554
7111.818409669
22794.548355740
67158.399553816
35408.221018150
57562.318555013
52880.136249995
27500.635893264
199646.672495174
41357.151449532
40243.194644892
159673.023371363
46063.149271453
39719.291042476
18900.777954545
222580.153523190
45282.947654257
66468.690393035
8259.359520741
34667.551928540
20180.689582253
2228.443735450
149460.057985734
1344911.218259899
49956.342085304
1808.980453626
Case #25: 
19264.397311598
8855.715332448
13732.757245665
2486658.148643574
16880.208062693
69974.950862014
8723.832031895
19218.014802298
26866.996734992
3431.058970027
15121.978189807
4500.359134750
28902.496306889
22309.182330817
23753.895198112
101909.217145374
15050.420893554
13415.804870245
12795.337522982
2958.833071490
47423.184490830
16224.318628993
24285.252005619
13904.219202393
4406.005459767
19921.437062691
46566.383450297
45160.095580154
364694.397494576
21791.775029086
15453.448801014
19372.732347009
17023.241111237
9170.004095741
16712.731694404
21593.617672470
14597.933743082
9088.989183526
4720.759340121
52512.040362119
15693.560538621
6451.498725785
17163.400453353
Case #26: 
410.250233112
1642.007398735
410.250233112
6209.060620367
2537.031378665
36858.688137119
9.000000000
1520.965290016
2763.683907420
123.151319434
3862.762693492
806.492863446
697.879801820
3862.762693492
123.151319434
68570.886556572
2379.255892682
2.449489743
3862.762693492
605.425470227
661.406834991
783.596373439
68570.886556572
73308.000000000
2.000000000
806.492863446
2600.814061658
783.596373439
1123.045840158
36858.688137119
783.596373439
1920.010447020
5992.662524989
2379.255892682
1052.194087258
5992.662524989
80025.019343953
9369.436636565
524567749.000000000
3374.434028947
104.713473394
405.124365742
7.348469228
1465.494790140
80025.019343953
59316.969477545
104.713473394
711555969.000000000
4039.664429010
386.536408829
1.000000000
68570.886556572
7259.068296069
4039.664429010
1920.010447020
1191.390177428
1.000000000
69.562613383
1123.045840158
22903.444042327
2379.255892682
1920.010447020
697.879801820
1642.007398735
3.779763150
4.000000000
386.536408829
2763.683907420
9.000000000
68570.886556572
766.851610253
364.193322249
1642.007398735
783.596373439
410.250233112
1.000000000
203.127660722
364.193322249
3.779763150
203.127660722
22903.444042327
214.025437938
6.000000000
1492.972440638
123.151319434
Case #27: 
37755.677232736
22779.754179337
47787.381957222
24575.422204431
2.000000000
34732.851952933
5.196152423
71180.317009068
36959.644429107
248752.015413825
9760.045460430
41320.212215521
44349.763773302
40415.146821148
14948.774303365
79937.993907326
33897.925396932
44901.677833510
49528.141429863
33513.800531787
23045.980474001
108922.517171513
16100.147765858
33672.201763277
22453.176623324
1292604.834773865
11800.819703664
45917.264440982
27117.173014677
16933.666266063
122331.304121867
4370.881177626
8392.023213465
18729.628318280
17965.839711674
1587224.216581577
184702.169282698
111639.660209953
24999.281602477
52.145916592
11870.154880042
27219.321096423
31461.707620450
Case #28: 
29046.368895268
72430.040512307
75236.702482582
106013.326715176
115714803.601111606
134488.974963826
49140.444189423
187367.096987981
107989.705188217
7.663094324
19238.325285654
290414.946643347
60635.428270312
75590.279132385
10049.239126941
65502.774210454
232619.383679625
87495.452681839
741.362934061
193943.770030186
49058.737212776
169991.864071866
21717.226264015
7174.398700630
89013.721660359
8341.962520076
139310.056557478
3920228.047793495
559364.744247594
1015405.217495767
26108.544784178
3223746.366638968
73.955658851
8341.962520076
15767.790509810
189195.084868662
162814.309509324
81402.877433071
7709.263816292
97428.079649982
23169.361801573
524688.988326556
181262.175000074
7174.398700630
80503.149328505
10.000000000
280485.551962699
236122.887633030
1258.230529874
192691.776863811
18575.814116491
64516.916359902
78660.701946798
24822.897058641
79551.784561733
81990.703579019
110235.754186983
17413.859185798
37830.670619263
46970.492893187
130605.099027626
22462.671958488
5913.481827905
18071.766722536
2172162.421048339
170521.421934649
59556.329828467
43138.855733837
Case #29: 
1004.752845975
8809.995819268
4183.818525950
24613.854068373
275920.462517455
27785.126389039
4.000000000
42.699180404
43600.007831332
28445.949721919
17272.265202709
13842.121525295
6.000000000
47015.191598036
2436.137441815
92286.000000000
4183.818525950
76620.126935450
625083.376471070
275920.462517455
40846.978406629
4698.192464411
91359.456087086
4920668.000000000
23642.802319726
1385.974164922
152807149.897419006
39721491.606844194
14218.411326113
14877.393364830
45197.139828489
37082.679427132
373178.333331443
119030.627995495
9770.024833640
26403.481612097
3602.471038529
12349.099235685
11989.562679224
13638.383290803
32170.953552340
10511.147990778
13287.138305109
5758.625343179
11224.148552348
14439.552907769
39721491.606844194
47946.262331772
127352.439374590
13842.121525295
23418.535358632
10435.699182223
9368.946669419
119030.627995495
17616.096163972
10277.731563036
79955.053152950
44298.613846871
812.588456723
45197.139828489
6579.525645038
8999.532612470
31635.013373740
5605.167156742
15912.942623390
4635.277247916
13638.383290803
12651.583096112
6.000000000
21261.569463257
28311.809662543
527.471326235
Case #30: 
33508.409434856
19255.184516543
Case #31: 
246515.246022516
188090.419698753
303.426977010
13315.758785657
62549.166339333
73960.115017115
13250.886688110
173498.506369166
23181.362644829
103670.547663243
106604.401642906
26082.682052934
50065.098114411
7194.558777298
48210.562011910
56310.461592552
7948.684780694
67534.928896308
13163.325229694
211082111.514827758
30148.715046474
17882.258154165
75203.664996918
64915.453190799
1520298.894395376
21026.009425902
7444.967701447
8506.432020335
15579.754399321
29452.716233420
48744.549274765
13996.515814702
42347.196587580
Case #32: 
89701.683001709
31302.150965522
31677.176929913
39383.342133620
65172.726857816
8702.177123437
50487.533701397
46322.023806947
19728.695186457
17977.047255508
22702.921086081
9788.282515124
40465.321992858
7352.000000000
40465.321992858
58822.310493203
52280.681638502
58090.069861445
40705.885679639
24453.573899646
113067.150731208
8914.320910667
85093.158291475
23136.493328604
79373.824958839
40147.590823397
2683465.600434145
18592.361538192
2855095.658772399
895841.449320025
10651.890766038
37988.787550214
11203.427051164
40930.537163478
22643.418694547
35642.034739410
19539.635199842
111474.017597291
259877.219234588
164987.790610048
69889.925682196
64165.734106123
65172.726857816
52041.565031019
19726.962882538
238315.521206490
47728.571852759
25094.507542767
53257.610715845
63882.157104907
157844.784520400
52367.460188502
16325.139869230
59620.478427634
109841.424742394
147819.271038968
40071.291855243
89701.683001709
673.729655427
144376.498060558
167296.474389777
1367275.065599943
783015.766469726
47712.776055232
7117.197815290
40180.611394778
839419820.000000000
610842.781113786
99884.086849201
80936.043091007
83249.359093216
71653.435045819
68908.090721563
3688.239450501
51956.716217777
49783.951544216
5738.656184142
149689.152835864
29022.118473307
56504.678795502
60802.890474056
41193.844349738
156414.728011699
934398.445490489
10260.010449136
61492.047996738
87.056906298
1154625.143559381
70515.049945365
105470.140068734
32229.525951743
16639.165958193
3092.522105178
458527.821223865
175402.050246593
Case #33: 
40128.888565662
18032.320420137
56392.264471639
79661.386243081
595478.886569138
27004.831264589
80688.474106332
11657.049483866
15539.431887201
32428.638547961
22772.947672927
927.385229875
39631.190425671
32528.799814061
5238.785683501
39054.126681328
113860.619018089
49638.154536318
169.526407607
11001.305438106
45588.024388496
38855.048226938
10824.016851097
68942.918875669
65221.809384763
36927.826909286
765.094765372
157287.661756657
18813.505186916
7732.811363944
17120.407336255
288489.556461471
43548.168233514
9256.585750085
77671.979754928
290035.986419686
32112.833498105
Case #34: 
56114.629281973
15001.128529323
368850517.000000000
18827.527456792
24434.254182995
70176.722600945
170236264.211951166
27948.792063394
222310.105076111
4087.815008139
70399.247083180
43675.389788882
55752.366328172
71458.211939998
4768.523239208
447959.094762613
56998.354138066
258132.428599486
119637.556962969
73008.007709109
31806.929812968
33539.906707012
13918.649543060
25432.773893417
74622.333118176
89104.352265291
453758.395438537
43857.459255683
5623.530724707
73002.928951599
67954.725205422
8953.156160007
89533.448576029
89764.992855699
69606.262444450
609072.183498721
14756.627839655
172503.203157226
269605.883369093
110153.734317908
29885.343334096
517331.940276317
19419.103019288
43684.779604125
65906.616523154
468544.595719888
70918.239572076
979356.013700576
34041.906836332
17536.904940409
12013.873563972
12469.418296115
18503.723107217
122811.405610038
38501.798333514
121110.924476365
Case #35: 
483374730.000000000
483374730.000000000
483374730.000000000
483374730.000000000
483374730.000000000
483374730.000000000
483374730.000000000
483374730.000000000
483374730.000000000
483374730.000000000
483374730.000000000
483374730.000000000
483374730.000000000
483374730.000000000
Case #36: 
59074.953761748
43071.513467125
71192.365785580
27400.801167862
54834.082285094
394.182698758
23999.435983656
144206.000482906
7997.388627538
135522.678593385
27594.168800390
63562.073886341
660067.310182557
261608.476159607
107.307642304
152021.855189079
12862.519401842
19630.766346447
36802.017117406
83220.734741619
106338.686517656
487703.623746132
47806.759784294
1396348.940469887
388.530565078
31906.172290718
18271.360633597
182956.145126716
28922.575988597
2487.154632914
27488.173055625
73558.441319750
81615.610354664
14731.977339474
38598.193013724
12428.618817256
45859.105574615
40975.588805877
82928.743586647
73702.520943606
56408.351249807
5091.923721488
55049.738846349
22870.653156134
52142.251898727
6983256.537551803
146780.393975299
7901.283186275
40685.185836362
76421.192139095
Case #37: 
34247.319940520
52341.386274630
13684.574546382
24118.682267002
39683.507973066
37561.548393905
19645.633749863
3481.364507111
56019.813130923
43134.354773760
65364.279731965
797.627732717
30665.564220099
40717.735566913
24339.762087755
887.865564022
16378.527780300
38142.634731708
32359.818046460
14817.397448553
56825.306698761
39791.027288077
161474.825493119
37391.883375596
288998.101525463
93815.854023622
6120791.550050296
36577.334774080
33362.132808926
38759.876554657
440627195.531777143
59248.715455833
93261.772222842
31493.662152425
10896.101762695
17475.373426923
249574.227673130
43334.541993194
18904.306522558
13560.583277476
37713.423260579
43384.285548654
109604.813388927
522915.121672265
9645.680580565
45380.623041871
22267.421655253
43168.918608820
1125837.342262518
40228.457608418
8120.776892252
36231.988191116
39428.141195131
25908.342783138
824.568490348
33250.605583895
203681.820363336
43702.287072912
22559.990717401
43781.697525551
4943.000000000
60931.995614539
25341.075607155
10896.101762695
29276.609087167
43403.723916363
56463.058754746
Case #38: 
188109.290917601
30321.954858382
2426.923198922
193716.353774175
165401.854690608
47.014300142
35577.777898120
159293.039288291
2955.709050443
54872.491026800
752442.941214597
14031.580637050
287144.418902417
41557.048975609
83943.924885445
56391.003878446
55356.181167382
103790.427231475
3998255.014927568
38768.182079332
57721.366802787
60928.743241127
38.133130105
52507.257670034
41497.764550795
67473.055014485
145072.386358033
111730.394608104
1007956.281728169
25.026861462
12751.168546416
402212.997152325
58076.438356402
1454780.702577182
77859.929476767
4641118.347032880
28773.361691038
98919.999147046
92999.384921629
18103.848636954
20262.724066082
125976.521976708
59499.139519327
62135.793671175
134017.449252748
76471.420885700
62911.439794967
100464.539992645
376864683.000000000
11114.890019846
3998255.014927568
68206.523646135
41986.375822919
152439.896430743
20885.027639426
7267.192217776
183925.354674420
94009.203171749
61825.873964056
739948.573108018
111779.066850765
18971.614163260
51315.490831223
152200.107385337
2657612.494809752
157107.923780723
77425.303293874
143702.084231297
139176.795214725
380710.369242392
148228.081410741
59353.031248907
37919.949658041
2345816.213639240
29865.286945361
114134.977433935
79764.362006746
159604.438323971
Case #39: 
36169.495444736
59453.708171032
64141.195566843
46646.245956932
28618.108543591
121235.125617859
31985.346999562
51433.266683791
28550.907860835
42564.189830136
56899.128184673
92255.909181078
50298.797344550
45828.625348763
34075.576764035
54837.608818378
43467.648489409
43099.800445863
37509.832097934
66826.554442338
50024.030469516
39334.064713735
49981.495166542
54649.516881778
849109.963382185
53638.535175411
31523.199476590
59149.994533048
58701.889435612
46494.243303314
46574.502683227
62116.046318782
164954.495703715
62925.282943108
43546.413700760
56452.086146578
57684.620454133
54969.940393345
43325.190263161
60088.132678424
53584.166918829
18860.853811743
42254.327495501
40396.627940459
49970.548318058
110135.786646014
52880.608052286
51347.656674941
31115.094256570
30624.530030187
36930.392653426
53674.431323505
55469.155597660
62467.033250916
72465.206254303
21308.357738626
89794.312684290
48894.203244435
62392.210885076
44706.704898629
9895.393482126
51865.414573770
7451.713734540
70069.246387892
48266.776566219
47724.693210174
51752.522305438
58918.826147201
44123.898886912
25150.243961859
46300.453045995
53343.240566201
71010.662955688
56185.502949318
84459.750803229
46131.571768385
49624.374873484
55846.176290714
39634.514356449
43205.967200731
70555.808760788
48372.569545473
47211.683533498
127594.246340125
63533.186141642
33536.194598928
49936.292224568
58380.224600200
47037.505168700
47039.733870011
43732.546272270
18311.621637719
45238.717018913
66876.725905997
59436.064644981
21555.086821581
3833.452771463
27150.012096988
52114.225843565
56815.610205242
Case #40: 
85615.513211987
7265.957769400
34703.961050885
7704.648241040
4351.510550616
16896.568978011
565.929899693
3580.655681933
28679.482326953
31522.158047974
17414.816889290
38864.068752204
11365.939641105
37928.047030330
21226.276745934
82708.044226007
18178.711199223
24291.292831942
73842.217402301
10879.788973764
23843.632586217
29659.290645949
23230.949296136
18498.835666606
10395.668089805
25511.084757727
1181.959236867
29893.686071739
3886.911063791
27677.556501778
31259.293121962
1870.746080602
207558.456916966
5138.234741440
Case #41: 
25264.357417456
7850.466615442
945.862736030
1533.168864715
6512.954802826
2700.720546331
119240.226357206
2075.788651754
6589.117578195
7994.063505159
13232.194335322
12883.995412381
135614.245377555
603.373188244
4225.185741302
2667.513115239
598.033340861
3983.700982352
13262.104825434
13615.157038996
1415.531277252
8426.968635483
5949.605625249
2255.211125428
20979.787778299
50619.619933958
1085.086146836
476166.826721607
15033.328936159
4582.718195778
142431.512961895
55612.552108315
114073.363640974
2522.035863696
12343.063727870
2518.400139219
21898.289334321
5172.167807441
17152.501907091
97.598454132
4166.721473753
10641.870972529
4063.235542268
30399.188823898
6713.767440231
119620.670140693
16717.989169347
27582.626775735
2556.466354387
4801.875360473
8269.758875534
6304.617322830
5949.800069706
6873.572115057
185192.512756606
18715.146826039
547.485419925
3983.700982352
4708.640798916
178337.182767666
8031.049342724
5503.351380533
1476582.236832715
878.734721527
50279.819783834
10394.163537053
7282.565838621
5503.351380533
1706.210893309
5299.751081526
10796.979471661
15044.820168883
1053.165396312
10870.741290598
6069.640515139
411.660816040
363070.491826471
5418.583759370
25948.726616813
26146.534508380
8351.608866673
2451.153470649
201339.470986084
6365.888121116
648.466242823
5226.830237023
141.594275972
85405.110799586
1169.971057835
3202.875228002
62574.549226431
Case #42: 
999999500.499956846
999999500.365324259
999999500.820597053
999999500.520519853
999999500.763005614
999999500.555734754
999999500.688090324
999999500.293008208
999999500.562455773
999999500.979775071
999999500.553492785
999999500.295207143
999999500.015142560
999999500.356598139
999999500.420850873
999999499.920773745
999999499.651385784
999999499.152553797
999999499.052910089
999999499.338389516
999999499.780573249
999999499.304352045
999999499.806707978
999999500.153488994
999999500.330900073
999999500.050214410
999999500.118031979
999999499.946515918
999999500.259220481
999999500.569472551
999999500.560783386
999999500.656304598
999999500.578471422
999999500.899650574
999999501.210106492
999999501.667317390
999999502.021744013
999999502.155721307
999999501.657964468
999999502.086329222
999999502.197874665
999999502.605799437
999999502.315198302
999999501.811877012
999999501.875481606
999999501.402057171
999999501.532456160
999999501.832068205
999999501.608149767
999999501.617203712
999999501.468377471
999999501.435152769
999999501.811135769
999999501.291405201
999999501.123639226
999999500.899430275
999999501.101654053
999999500.800597191
999999500.556221843
999999500.653516650
999999500.209534049
999999500.461089373
999999500.482901692
999999500.465275645
999999500.943335772
999999501.090865731
999999500.586682916
999999501.087848425
999999500.790732503
999999500.512311578
999999500.487058163
999999500.277672887
999999500.152977467
999999500.140190721
999999500.085274696
999999500.264822960
999999500.794332147
999999500.543837905
999999501.080221653
999999500.695944071
999999500.966260552
999999501.360135198
999999501.276647687
999999501.020679951
999999500.892970681
999999500.479738235
999999500.902583599
999999500.542127013
999999500.378244281
999999500.812252522
999999501.325234294
999999500.851442933
999999501.015379429
999999500.919475317
999999501.158897996
999999501.266261816
999999501.514336586
999999501.043144822
999999501.338095546
999999501.814611316
Case #43: 
82349.059043527
79719.738688726
67321.265142935
47316.741949451
30540.646266882
64947.097297252
71003.949103494
50531.183617090
39102.497851390
29920.303375830
424690.827193615
69194.840208856
48375.832786749
54043.669598230
40846.653817905
33096.047745555
54962.616148450
68577.627213854
57459.559604884
35880.121932287
26967.212958962
33175.718773519
27375.626612513
37526.643369917
60430.754882043
52335.161591736
51190.452752172
50201.666294519
79420.173306279
75036.610922337
49542.899134138
66382.326869693
97155.353993425
35189.321588662
55578.920210282
58595.955454735
45096.920351637
55171.130685869
64558.681112537
42503.895535600
59804.209144262
85089.521426764
61507.010409290
34568.496387800
77200.063747028
59277.410695725
117864.922145168
98927.165589096
81888.772985633
40569.795156927
20272.690558268
62088.410700268
86996.735049465
52062.888030783
23025.235678166
61539.027655140
38141.555283600
149494.349744117
77829.909099508
10871.370231776
81853.342471538
80726.386112706
47807.383809425
24064.377390759
42964.142229276
39581.182506820
43571.117335015
14418.764779110
16687.237178052
34730.585819953
50011.257281826
39514.301280284
18529.324034299
70110.563770477
25901.625513514
49635.565347546
85570.845453843
41136.747272628
100088.332673618
89321.307725611
45876.037210400
44038.333005891
29177.343730911
64835.567389755
29121.608553305
37904.173193770
7522.770867162
32126.048746481
67557.737326668
28121.376821229
54737.554927619
96315.976349342
53979.739357381
32514.672769213
33043.305361804
21351.632249870
13267.998525018
101277.995963554
35868.939366030
50772.286671894
Case #44: 
38507.171700560
16013.561461843
7051.112091635
18331.937809405
53890.280014016
10129.155530233
6120.130434387
34883.282037903
27301.991586323
54063.108086063
3142.749025589
27054.086820763
226072.653478142
44708.102334823
15262.359667093
9435.733322602
32264.425121154
49313.198965310
13053.802310888
115787.226638785
9876.069244973
59604.507957584
69166.495496823
163269.477633600
36636.348881746
39157.376234878
643.692230586
69294.376633475
37777.929137867
50124.732736056
43591.632940256
1519.640398543
36355.809027071
2934985.296437705
49311.226522443
40243.139521913
23799.938996018
45523.105540919
26650.306047433
101098.149203990
27266.233412505
30297.339777779
33740.129237751
601640.071175533
89715.087931012
80456.473562701
28983.990488623
115616.954769412
Case #45: 
428338.574645022
82209.519256271
4190.376233194
330848.800412223
1258824.898903124
176197.319158214
116497.178223926
99273.578011074
477385.430906966
88629.696865626
918971.743613217
37590.762691382
563086.978227036
91853.301569398
125547.522219685
261343.202639360
Case #46: 
317101.576605341
306157.782359166
979773.688193412
350167.334576741
5795802.042325829
464211.986094461
8950128.132772058
3560525.563859553
348314772.346150637
220894.485561335
35637.706113048
506576.277128441
59330750.279499918
3250.258275518
630462.215760719
962340.926822446
878044.862321122
322932.543132960
1272125.719645840
487393.270419409
210585.053978979
66402.714694785
721093178.000000000
4653424.658878887
1625600.195320951
767059.128908835
150482.433858847
1708787.418433894
51568.847910856
824709115.000000000
789073.849586299
1516222.402507497
120864.936538763
1449473.886934670
2498318.776573221
3183375.523278481
244466.439409262
365598.440573003
34447.351297516
906937.033195322
3540213.471228587
308861.255881766
231677160.857971400
141116233.000000000
95406.000000000
284147.658006757
4857399.537770431
181032.782266674
305900.472130274
77085.535925166
341969.523072193
887231724.000000000
672024.971730042
442751.450213723
2645094.985819282
77085.535925166
85853.918480045
78755.294071064
175473.161902469
434699.779936928
200507.952044929
1593076.560872076
7399274.112896795
25839.432525758
126212.908296672
841.878851142
462625244.000000000
3794174.607734954
104509.254885656
65189.167499127
2875847.559665895
3043238.893455540
126262.698603329
91617.299532866
92006.464618060
6710357.605099523
7545498.380819902
54599.774702643
4879652.666700698
323930.783613896
1583972.742543699
Case #47: 
5926.037538938
104341.019009032
56770.017725688
37567.460570992
79997.175560766
105824.868697634
43734.838042205
72662.328987131
8.000000000
12567.093492012
105634.078242635
88765.493240849
41002.729798646
29209.232041993
39499.320830680
331866.259059953
50340.668892814
1678.576475317
1846.663547770
42173.997043694
73444.033229533
Case #48: 
4359.249674092
9583.157718773
2.828427125
3534.432088199
3811.438904310
5.107910649
9870.078983822
1173.112203062
7866.162260137
33775.237198937
189971.231974103
93664.000000000
4377.719147715
473.654321738
72.870788150
2911.360039790
46138.975828778
1173.112203062
324.194930126
294467.331665752
3872.625535906
9114.628430071
1094.897246250
38805.571744633
4327.214039517
1940.955809805
3120796.890631622
1103.807067490
8229.367977150
2911.360039790
5.477225575
9870.078983822
5895.438111160
41.863223737
17779.648234330
36194.766385653
111550.547165658
2927.147334018
1094.897246250
546.117062748
3795.824055828
178193.509869599
69225.614415702
2532.371702081
3311.482410705
38805.571744633
27483.672517504
2055.674014793
509300.055201283
41318.902829601
1227.987919967
150008.105295306
Case #49: 
87563.832534817
54775.306727125
79431.548968698
4561.632634825
66368.265893467
144516.765833746
5047.544310590
59087.317212219
59804.334045002
109626.082349262
99700.195690045
60664.125411754
52544.608528513
103751.283190777
14056.563046452
112591.516813721
31271.770178757
75172.448412194
181329.790077625
106482.762758356
48383.896330699
1421.181080664
30739.111639918
44355.170299430
1981.959675961
43799.328586026
11698.614343099
11830.373360558
55007.292503781
228743.934440692
24074.569388340
100788.821438751
66939.413935462
8214761.913142491
11115.316861362
5605.894613239
66785.357696096
111852.436885682
32064.349477310
39821.762404593
6936.013974977
38327.478648378
95088.482543934
29276.634810194
175658.883070119
61971.239382269
86599.596481709
36573.921169603
46769.676527570
179277.805054970
51211.501582482
30048.937943541
54128.624420581
218017.745433738
66871.544509603
76774.131868329
89856.178978034
261869.055358509
81617.179502449
116715.709232230
35560.074730322
38085.577957684
83336.001333847
63741.570793141
128711.486398990
21107.667296795
33675.269696373
286882.010484013
71192.081573322
82815.469029539
113933.858913480
8536.680860323
11352.968363691
116744.956749900
78806.953842350
76979.701106116
45826.304766721
262087.300899168
62372.915819525
66968.861918566
81693.860349588
9770.049003348
6522.283086279
91357.529128460
61248.582978696
251060.399951291
125354.447080806
123076.312196203
Case #50: 
305030.007529221
561337.041705398
86279.636932753
3605061.301334608
3177063.215763892
2651775.527829420
445.886756924
8977.304537820
21379.619570984
122288.436622375
23088.747186545
154559.788810729
96061.000000000
192500.493197967
4322068.724669935
2757.528677312
47384.340630874
122288.436622375
8.000000000
43894.955997233
24671.004587251
197658.021895494
19363.333704964
4856.670497470
942813.355242133
26861.775582363
26886.407043440
498038.512158749
727.193933432
8279.287744109
52430.933428533
14406967.130974803
19656.372240895
1702.187646939
46144.662496434
857333.498500656
Case #51: 
5724246.675327680
181.016573827
1.000000000
Case #52: 
32420.063884359
1106915.105847613
904279.519765634
6.000000000
1090727.246803878
141137.293918126
14700.933585068
12555180.503115311
196271.896215748
4568870.491510934
210421.726581135
229983.645475607
94.549669213
7.000000000
24520490.047980323
268293.033127952
27871.985663080
212940.526316875
6338.637627829
64767.329748462
507443.857600103
338297.993708189
7103516.950727685
3649643.444518929
5935409.677084327
12232.157483235
1190089.404353825
25349.829349981
13351.353679554
932019.863381957
340845.413050247
73680.022966806
169736.437099516
244591.024538841
356852.200267646
499969.698051533
972238.806544119
8592.317850938
545474.699021741
23814417.748402983
639860.205953825
550640.964389915
12529.999533525
62340.928225351
217016.819660005
328422.426015734
85590.570233485
7919.531693334
1441930.501017805
528888.206089205
238424.193468680
161234.528075681
124673.282488479
257626.067657231
4631.936341971
644948.798486574
5276255.546430781
127753.347046450
12138.634725128
11589592.451817794
394.725241922
119416.054876975
360201.358494167
3619539.616914419
25519.400686189
212940.526316875
79797.494430480
270.070768621
5165796.810568356
99369.004453949
60078.305575653
268895.254488209
550640.964389915
601836.508637794
29993143.533980850
312601.218747628
223486.164951062
2321.178210229
247964673.113152891
1631860.828592879
9876.987431989
1010931.372461332
601836.508637794
328422.426015734
5559.122953381
289087.696578746
2355.739983854
7208.895931941
169227.421090314
119.387620990
11589592.451817794
119379.416959493
44294.284300048
446710.509057473
423713.743994330
283953.847890485
30705.279778012
Case #53: 
10507.059508433
12062.488421119
24767.319909028
14377.401442034
20446.195391554
16175.996745301
27756.756459338
250190.568392624
21456.152643597
16514.660524441
40079.496812124
48998.307608198
38963.715150706
55800.335953560
19344.529578811
35185.638477703
37475.719136720
131721.121941586
71660.547278264
38218.678490379
751838.861438347
52196.808630497
722711.818325470
1640285.992882512
2504765.828373782
13547637.464943077
79129.593864857
22308.471478348
193670.227707034
3795.444778589
99928.036233561
5409.830348370
27493.973210351
54027.751842867
53125.217837112
59388.494778152
50459.650163010
48051.682187837
33463.046551722
21465.874205962
495.070887672
970.376215702
173483.681082095
159084.004685668
38653.681652198
53965.991096245
20812.940447792
78013.793662677
60773727.727683045
12880.494770146
19463.479174974
8756418.740307175
37259.648804875
33820.323311241
38004.910621480
29313.976269954
13907.278669819
38198.791700059
18433.138227338
38780.350971944
5028.565245268
326837.966311948
45553.576177977
46715.503446460
71338.652017261
25396.667069778
50081.468505670
15037.356989687
31401.924301964
19463.479174974
42106.606822928
393579.048452520
2741.191440055
788157336.000000000
37678.916141136
41095.557541260
12964.723249053
2330.574193268
9782.838580690
37091.501185758
19527.182473579
25980.256945594
52964.678451653
622209.136129502
486333.658797359
16011.232122938
216005.971356434
30885.309963277
Case #54: 
39902.200636609
40899.877021707
33737.604716133
36774.549026357
40196.761202455
39043.491922777
31584.856232765
34576.327494009
35792.595871116
48572.682999091
34275.247154282
30005.437932297
3624.090793139
20722.872703585
635443.404773325
35386.701108537
32564.242959558
37376.742090872
40013.915395177
44250.714157646
30464.105335283
40853.707266296
31943.312644105
43029.476123180
27539.793555137
36831.831282670
32821.292755778
50190.467495284
39797.645491788
34252.526662772
70168.531897967
40035.293577199
30318.524743631
33785.593798571
46946.761555989
53684.896775718
36882.689949267
31613.345512957
38045.649491341
41647.902546101
33228.432579879
40910.738918181
35348.792073639
17098.986058529
30044.868165573
30339.409072707
45002.662858106
35140.176056620
53919.600850951
45944.973381166
39190.466702667
51140.898299650
24728.017825812
47804.833500571
54525.128229988
18196.458482294
37691.362401798
46243.149324922
41743.911486247
27258.077488971
39077.540947589
36105.557326034
36619.510540113
36551.455517252
29235.535474755
30849.266141277
6559.049386059
26093.583769258
37798.955566726
16889.877864511
12049.708804701
7973.352613346
39293.682238265
76258.890794415
10662.383568375
49083.741299139
47923.028437977
35025.985389008
40033.434633616
39424.048291890
31331.690175234
37072.354076589
32292.612917524
48594.336649557
35540.684031524
25718.752022763
35101.362594307
30315.497889412
35844.231622940
25396.477836498
35653.001576377
23378.142576564
37299.252591997
25652.116287310
37550.345344145
15029.023867957
18427.522349910
26384.835299685
53808.090455932
29866.959667993
Case #55: 
56154.008256667
8064.867833429
25851.830725382
251192.315364100
35815.916864945
36588.594651168
27815.987584416
16320.149556306
63678.075307815
27169.988760795
47340.067359082
51320.382479621
31709.741349430
41245.218075055
17701.888767165
36245.358971539
53341.782395721
32711.497495879
33538.684245644
35940.072886048
142730.869246597
17322.190130992
167635.131424600
21764.210655778
131575.563293305
48298.953482806
14793.415193871
53897.485057536
50421.428385071
282180.384866351
16593.442630524
45684.604708166
Case #56: 
18236.997576448
16357.888928035
48693.676818929
1775.114088230
9451.382533029
9321.222051982
96515.933175734
43956.345183639
2959.906508935
68.638521734
14458.485180989
6572.441581244
12182.826267402
51797.807658701
27522.306273527
34922.576832149
41311.178774920
29220.345019859
13226.027323206
36684.919783123
4239.631002207
39617.936388696
59609.800308638
146584.076306064
19937.813710595
1913.764871673
49347.154811600
11376.777106911
9321.222051982
7396.049258208
9570.951804001
15614.357939878
18771.876877912
15984.141133317
6600573.347311241
45073.602300918
6284.623404313
8681175.742068384
23977.032058556
16167.862920824
39227.429505640
19750.673905856
22197.329228848
10343.774754881
14438.856911644
26209.835148255
29380.136136020
19642.568075470
11103.340585839
80815.502603555
82503.973077902
11362.448135936
20154.574647464
1523.669354010
16024.315732534
57597.298686657
10234.309762288
49285.598216712
42557.797584111
122298.671680145
10711.668586740
35234.002083163
15616.321178133
3502.525558257
42344.793594313
229677.806922696
6532.319103339
3871.306741903
25335.676622381
4062.718713195
18104.956268593
26877.835007433
60750.626636086
4149.818414957
29050.352956259
4622.119072524
1725.627673939
111785.502546269
89133.103941310
9352.815851097
35041.625111232
60413.650896574
46895.074204963
53025.585295860
18032.380720530
415.274941952
19853.396036858
46652.459347901
1167.907955829
27890.540904772
13263.266801426
Case #57: 
571.503843811
86594.285881349
14406.263485245
105427.486490908
33843.103113409
26313.964643891
21821.900738031
17705.662147247
45935.241072390
15743.764024048
188900.013575967
24502.738402037
17672.279312732
319982.983236703
34192.300996356
119.669460738
20428.769920803
10870.327261092
57338.820259754
48497.024503208
76182.049379938
74605.424542525
25605.766800912
7902.202930058
19549.410951651
14601.640178848
3766.674848431
11904.066539343
15373.642703181
35115.705224386
16504.323582436
33446.005502886
14624.897216728
8815.766546412
10004.083892604
4736.059150967
13092.242168326
76106.485937945
259346.374338202
337986.396055389
10398.162504705
173379.297582915
16231.356318747
51355.311281702
43214.124197470
4329.976536278
16644.502486877
25399.771342199
315853.936423244
19516.729930319
11071.447973941
1379382.140183751
32124.421758224
39477.770056523
13238.851315193
5332.169637101
10174.204753173
9658.621081061
18323.252049072
61880.799445933
10870.957692499
21966.963416317
44003.208921974
11889.784409427
39407.910404556
36381.201299572
4436.285453835
3601.442207598
46754.573939524
473026.604806506
1.000000000
29371.330144321
19057.246978477
Case #58: 
32584.408726353
120388.432766477
58069.407114083
29725.776376404
73303.975031742
41063.655162936
54541.672295919
44635.400038127
50617.006389416
787330.257334968
49039.496757441
47443.602353646
48906.772163390
55231.348850634
53517.329302821
65854.186127840
42287.716093541
205151.892677147
44450.521811988
18597.055704909
58400.224162570
27134.378602516
39987.159766575
63011.087195483
33157.589514952
49208.840266520
40957.021529893
36826.124493854
57031.112892420
86332.653524699
65988.021884280
48057.148931601
54627.982903205
60065.666636833
37349.014427837
43718.527960290
53991.216359061
56234.850370629
40514.619188147
54052.707244975
62208.674380057
50088.377501328
56053.711613428
33475.034340717
42584.364844970
8644713.496024724
44520.289341700
60211.360793099
31325.260030554
49726.156204822
45451.273380329
44305.938336600
37058.482486747
58018.879978771
29692.118397134
48042.863742026
48816.409971028
49443.955313580
53279.915449336
45498.007014891
57138.064974938
46608.500222058
28799.198725776
43943.124493566
85426.484504000
47001.827178976
183024.633037922
53837.779805589
34725.253954966
62403.910121169
48936.235425407
45844.749062959
85490.596009582
53294.937419524
58908.403176233
45636.938251066
41429.167906880
165357.745261027
124976.032504456
34253.676325380
57114.196801414
63405.558647831
28175.129137596
47166.663008915
8416.077064107
46110.448431385
52880.512756386
59060.720559326
41173.501212040
34973.753756318
56806.017762259
41430.891251725
27275.074006623
36361.144566104
52274.316217105
32934.148763653
60129.199837466
58725.369320274
43470.222197034
46616.249759704
Case #59: 
24883.670673051
32566.955968253
4871.016209464
17777792.000000000
43451.301159414
19171.828408437
9216.618636707
10018.013937491
38161.599052817
20415.975073384
121436.775570145
23490.374668628
32832.552852699
39945.292915262
21266.299030916
39617.415711271
31782.261501162
55010.948599074
10923.697255839
18532.981545990
53533.461933808
24702.711394132
43538.506880672
55245.370951077
124315.274749572
62392.025591684
41334.690950826
143938.451294049
9149.329107243
26302.667521161
43916.976979591
179196049.000000000
297564.808038529
45806.366336424
510767.254476351
44760.600526574
7643613.502962258
12233.784161368
36753.823509024
192423.524399454
10036.611886153
14949.381126470
Case #60: 
1.414213562
2.449489743
Case #61: 
51521.222824153
15193.733489817
50555.562903190
47410.067038390
40171.507686381
86085.780550657
39212.984475991
42038.718255663
44364.752288410
33855.714977316
78048.767617949
37897.737568860
2985.268838284
57795.017520511
27553.812887744
79925.160710237
12994.409929865
122859.810692302
35454.319949997
174208.668345973
49580.558676679
100457.856394921
86370.845087457
40964.011969073
23352715.302419890
31179.366044116
34454.848801173
40194.362962642
49313.004621868
31798.947168909
59532.751703664
40511.973284106
47544.612068047
18641.035995607
291507.825151937
41395.425180546
50698.406525131
30070.832261777
133259.688316935
86389.416876437
37113.075174543
48047.837007686
52290.344792116
52611.281761717
41871.543700885
38009.140919567
1300.785302257
40039.472598193
26198.313582798
52238.563440421
33865.367631781
51403.063544971
43725.916946838
33816.247496370
46201.143804066
44046.722365418
50283.399884543
80838.560492384
36111.641290127
32903.132375274
38922.286968159
59831.699065709
75774.640913531
53889.703417979
805.790992318
24425.532734744
42862.854439545
32566.691580432
33757.563429817
88903.761725186
38759.811545008
44020.678465920
33029.791765708
32794.113792617
15646.692275030
40614.703661650
23943.961633843
40973.440726317
30018.772092432
20463.080339915
47372.643623035
95087.037204433
75652.951965795
49319.463192716
16578.068553366
32907.931707181
59239.756974237
39132.100306882
38404.185151457
59803.781105293
25767.380435561
82165.649872864
84008.978459953
37389.938435302
27466.355965174
62481.836314888
40174.141315626
97580.130770427
27993.749420626
190692.695346467
Case #62: 
13198.647366375
17074.133925100
14158.906744819
40394.040902611
23005.710163980
21656.588020151
24865.951321914
4066.273499786
19350.419427647
17992.344901739
31354.983649866
22821.916181027
24957.059287725
21845.634188831
20788.097195536
22735.041082999
20881.810491265
24305.669995033
17400.030824339
20186.374371300
16728.706781958
21926.554379342
41149.769198098
18962.611695031
20831.327549959
11744.076024705
19164.893982230
31883.899535487
15136.708496736
20822.377464676
19005.810157678
9646.071678168
9838.905132557
80192.319517851
16592.424736460
31644.482635264
37227.466020503
20657.547114458
18794.611853340
18206.988929209
20288.306694802
13355.351503285
32908.131871146
19715.334146450
18571.759763323
21859.298765232
19716.157850405
22333.748896250
22555.679908853
21161.090087888
9010.434562966
26794.282032383
24344.652178684
19955.134879207
23591.111947394
19752.735467169
19424.793659263
22990.314309320
24532.846732002
22476.713536567
31401.904820613
42118.511540673
33003.984213434
19273.084016533
25782.350104517
9761.176850387
19823.951486038
18630.897967894
27441.908864416
22556.969405892
22958.065461431
19192.081774206
19642.806094796
22317.572434671
15419.718413800
13276.458538573
22346.099246688
21082.339559810
121333.557335738
19308.765640459
7882.542612446
30375.688115203
19454.743830742
17178.161473304
19821.121317437
52990.416276307
14788.394072992
22044.681847374
17302.166547853
14153.252734190
20327.631093005
23487.179194131
17877.640389584
20160.417080074
19385.724059130
13645.474369939
22170.415870243
9320.913608153
16937.811056738
48390.620408260
Case #63: 
21957.860699862
28279.833897983
38628.535080796
24870.845614188
33306.807242025
35203.527898419
28560.416273208
25181.511501676
76337.947082032
21900.734700498
27546.803412562
797160.690886788
34948.610442822
18634.967283378
40096.025196208
51321.653707420
28548.767947119
12290.188586946
17613.820498726
20659.905321360
8319927.842209209
176854.629094559
95860.886627813
20196.698806410
45563.287974462
2157.617116523
Case #64: 
1000000000.000000000
Case #65: 
160621.573769348
204586.332050008
110256.929543165
24004.000000000
1516301.326079305
62334.917835066
201116.830911250
381855.763908361
83701.810445568
185918.987951266
727045.664528610
144881.313512844
3486546.829477154
242666.014647520
336367.920308876
64370.310508805
308505.873614929
222324.921550084
150267.000148103
152487.100074012
113382.240598700
195320.488318401
543.949524343
421980.661230991
223003.653214271
82167.232524516
277607.664412965
534023.878595270
143471.893960364
22756.963329935
211617.381934984
128727.895231622
125316.609926309
168367.529483275
1032697.749713980
416716.578842768
124685.805704580
177411.741189931
135979.097336375
265837.473097930
239664.427074875
106619.151606550
157993.229880252
148219.016341305
178111.149586314
300524.409429225
119143.482196305
111532.651156373
267791.767031911
43840.429768683
215926.903049425
Case #66: 
19927.681443336
15112.494115550
19932.603753928
1807.385240303
2246.047043978
18797.058044584
25719.013045559
2302.517949320
5955.856859990
14094.833606426
991.745814454
8238.244863345
697.682166642
10785.995119610
5814.916275788
57514.181059221
25132.914275529
45025.085837170
502.704224877
45515.613129118
58441.110006253
59817.001611729
520.875549069
821.990598037
3219.811565020
707.519849526
4416.508259725
1038.158296773
62237.121267813
7152.824698079
11580.498482638
92119.411823543
40559343.898554131
2408.423498218
3790.225595161
46435.946504069
345.345866557
119269.935377084
12291.564253912
6.000000000
103908.224996141
27969.423126422
94275.577815175
13264.575410809
3076.988498830
4786.925284271
82021.693108150
6561.537685583
1747.453288356
21167.354965921
44474.463079767
211513.223373065
6738.122489152
1687.311007195
2030.875342749
703.375113419
10220.202232607
45169.037538195
69196.547169177
4823.847670546
937.811395930
1342.785128861
6522.797948100
61423.418558746
70527.947483332
10128.977209361
8733.883874565
1084.836562814
16260.083800617
146498.293016731
1336.667973929
1044.834466257
5453.105176816
185.902288062
11060.789632614
5241.061026816
Case #67: 
31969.973566042
42400.804828802
27786.951661276
80341.241100338
71649.639737454
27864.461051007
35989.109304405
916517.076685660
29058.599256277
40215.394897438
42373.552425098
34112.591010911
27240.164032329
36186.335978192
90483.873833068
35992.521257567
31255.948352842
55201.311326618
35426.841190766
34552.063395116
33810.514951519
32107.199107449
47317.567456559
35947.435183165
36579.766885582
13010.965679576
29531.738141938
32272.434025975
28547.955206266
30971.915203928
35745.553647126
43058.233470127
32594.355643987
173395.179104034
42758.294125086
21620.929402009
37505.158462010
44343.426419485
36582.963049211
24610.581747866
39850.968539063
32399.408923130
28935.290290876
27673.364116637
29930.806724374
36001.615623495
55846.074309023
26186.653027063
37268.733409196
33718.320722329
10552117.590661312
60619.392577801
28420.714782022
33142.078289993
62759.890311245
30747.645123637
26517.700649789
31594.230463629
25179.807113248
31620.692358092
33901.336933965
36100.206697324
37953.468997280
39374.460958768
39672.765813080
124429.490226063
51318.849426703
30990.033021234
30372.262892684
40703.466745877
31199.354889121
31469.271750999
56766.267907179
32119.997163290
30456.524272350
30996.494839564
34352.998183537
35783.519398102
28552.911398731
82980.432059417
23399.817167783
41745.153733916
33808.384618403
45705.249199324
39967.689222877
17557.159819208
44770.491110958
32906.365664512
48871.215694543
32814.514587876
31657.200900320
31271.532637716
210914.663282467
31362.444040916
44498.443716633
27248.568281790
39158.170833134
34844.331897166
36465.647775038
5158708.691342883
Case #68: 
26032.217990436
12184.516019715
15413.794103298
28231.384664643
888.251172742
19265.897922946
32066.575715627
563635.489939989
34670.185537157
27232.493424663
35401.882420042
32837.522051243
2151.901829836
845294.427195336
22064.237555583
193164.372559246
12164.405349684
24449.716058567
20403.861946519
124923.634553635
13513.042093378
68068.121605685
3696.915216026
28505.596644863
23109.444617841
1294.784282126
46850.006998713
44035.168176502
18640.098853221
25617.549673554
569.076444777
16477.282683521
4125.579622289
31156.374757927
43451.618201781
21396.936980646
19504.328360912
24120.612029746
23447.704680129
21637.106429864
33632.682614816
36348.084821882
24398.693034238
58519.468393294
38129.908780932
993470.568664442
28046.194298270
18317.196051650
136337.750503845
21683.480258310
53017.300551268
Case #69: 
273566.432920002
5457.498952994
85864.884210848
106505.010637265
59243.293815642
72953.376097559
21944.974717784
69202.015638133
97166.528349742
26700.059330409
58088.254140780
71862.408791895
45138.540127295
28520.570832507
88591.834507662
85002.543617607
56.271861376
73067.543507357
199813.844099634
44820.536881136
5678.520620818
361263.023468488
76854.352142524
54314.160017914
41236.318819752
53548.034412612
75494.295832106
113087.757790660
52343.073785676
69968.748572553
96186.176251285
63560.322071789
79121.075440628
75611.875029127
103670.489188405
129765.528473000
53948.323222929
64454.024006602
30577.173984429
106185.244961793
43925.465014091
19155.266471556
69605.005817985
96582.944243331
9508.113582983
94189.792207620
8.366600265
45113.441296121
42411.927982996
8411.465039036
70688.311486659
108899.004380369
43866.997054110
41617.419388285
76703.409450270
81812.895616677
58381.268708953
Case #70: 
340677266.000000000
434870.937184340
43738.739404503
74439.788621409
1205577.918542107
91939.000000000
1320355.399602283
165156.461984402
74154.891730296
361327.756841520
4460.724030337
394554.465036254
28412.005907168
48635.878406177
340677266.000000000
5596563.870695483
180617.066319757
1282657.015117936
37333.289338661
56232.552316252
37333.289338661
48635.878406177
1205577.918542107
982.557886335
28412.005907168
641321.111367773
43738.739404503
203.445324350
291823.539187603
4460.724030337
323701.176562615
361327.756841520
340677266.000000000
73333.146609732
72786.010340344
982.557886335
180617.066319757
361327.756841520
5596563.870695483
323701.176562615
1205577.918542107
56232.552316252
982.557886335
48635.878406177
91939.000000000
74439.788621409
10.000000000
74154.891730296
73333.146609732
74154.891730296
4460.724030337
43738.739404503
43738.739404503
291823.539187603
1205577.918542107
1446060.312192104
74154.891730296
64698.835445965
5596563.870695483
48635.878406177
1282657.015117936
43738.739404503
5596563.870695483
1446060.312192104
67333.412886992
74439.788621409
153495.658519934
28412.005907168
10.000000000
Case #71: 
3061.947378090
19524.790923194
10762.634788213
7435.014554468
51876.356796041
12023.672894821
36798.027452207
9638.110028488
14025.821953097
17584.601806636
1726.106874864
359602.373298698
78123.819977747
32548.247910021
23246.352845248
14063.069026719
84038.028523552
31973.723987494
26619.300277550
27162.334579455
108145.639618528
178013.506260125
11444.733510412
15169.642863867
9918.273624602
14019.203998686
112209.463740745
1483.984949861
58360.167001689
15394.418157285
51565.664722024
15905.272768855
4.472135955
92243.419653905
26409.384563297
31816.169712365
734.257103907
5259.656267851
5822.699823973
2303.199447826
15652.378763471
Case #72: 
11273.278261439
18811.094971347
14270.515005237
28061.088794846
8908.358667363
23111.782051549
19001.911356514
45072.445452430
27382.258915146
16010.819594605
40.844182669
44920.659286372
4656.445823526
8655.007542168
15913.911599455
11191.462039017
18275.452404805
25041.267136974
13045.903014821
19022.403221240
3310.576212388
14960.911635466
18850.769184370
13320.231210602
11779.687096659
11754.947540434
23081.873279914
8223.144089855
33666.773883669
12983.650588855
12044.896183249
17657.496515072
75864.825327684
23935.154170361
41991.099967691
21592.175897982
11358.383909963
14877.713028559
6472.020708791
Case #73: 
36689.725726955
31463.636180751
Case #74: 
67850.796615635
16842.424688244
67700.022086088
92048.331447140
22887.350452674
82248.063666373
48452.779318868
42305.919704700
1493034.071394247
385850.837433046
65992.208931667
31842.026245453
3120.305944686
30195.490436338
19587.427363755
83538.234702168
81277.722940469
155143.785185405
338671.722162579
119326.244044912
21139.011869298
57541.346196130
70540.908230791
173889.284755301
66536.397253011
43124.300276014
41644.191207535
49348.935798315
25269.196820613
166226.623837528
108353.505359838
2405781.276462985
72529.834567239
27835.826614563
34054.392567449
54188.179989838
195129.281647230
5.477225575
134408.687837462
110112.732196600
16218.275490574
91259.271027737
95178.463678042
53085.456910809
1421.246706115
12506.848632746
56037.346890772
72335.502743542
17863.091375101
95583.986263153
2268.120652971
59691.119773722
3349773.975691495
237710.482149562
29977.768459304
10417.852915003
1264.794443764
66849.769984152
42948.848206983
16511.394610022
57184.335770155
159389.921936206
181510.006513489
27358.177156474
11123.788590351
8206081.098640439
83133.480825050
Case #75: 
138149.884325325
39821.627626882
76199.738846352
42913.569915816
71963.315380291
56331.561243740
43611.397761364
111955.215281725
39244.775879902
49084.704498571
52005.878535313
89639.507423145
60478.779815400
524405.002515941
665221.018272022
43499.818700969
50364.602108499
78657.133989274
23040.576770385
22636.635024512
51758.898750093
54478.684451139
73541.204514972
109022.565635478
59079.347621927
73592.495392429
50479.381868577
54444.706192831
54674.078670147
53332.309543230
36602.222570959
48766.094973652
51001.499232801
45622.258582051
36189.276103572
4235752.688304758
70921.940998602
40132.087418213
40114.869247938
437148.775714796
104803.598092526
187855.999505401
86152.858189363
98091.496511455
37964.658799569
11760.662494912
44304.626453201
42467.079819126
92027.165567581
204738.458251199
57780.527752100
50555.588476287
40943.032510665
59738.989227369
31998.310217717
53676.539765974
53394.629642782
150090.520030173
18299.726958142
53600.951571389
87974.626282943
56043.754437780
51876.299634992
57438.721760382
54052.349881656
53320.451081379
24119.936979439
107483.128832459
27063.095911515
89834.872753880
54270.505211385
31565.147379378
104948.630929519
54088.876012690
58793.211943412
55544.010407844
42907.135746403
436730.457694851
69946.321391025
50252.419453544
56285.539299786
54390.764393217
50690.946729280
45477.229262125
19167.871393481
47826.704257022
48929.702217528
200605.096856308
23175.224807354
21190.001769163
92787.642012345
63826.945765804
55401.507715210
852608.303867781
199573.980197165
46075.295829669
59931.909897984
60458.344725565
53408.936380559
47751.741250670
Case #76: 
8734.436434293
12278.434536498
393098.336734713
108702.652119391
337010.764504186
64979.688267376
246778.953921098
53661560.027525440
17076.083506207
9953.734377194
41308.688810983
30452.547866731
97361.312598205
84934.292313282
28836.464107240
58139.570175950
35601.414051631
106378.780321565
69596.771621086
Case #77: 
96808.448446126
10127.609757226
3714.676717144
911696.931932810
76406.725265771
36814.403649785
121403.640411609
305269.127177791
27513.268094958
189914.371621316
40453.897032873
131301.113805565
56715.732755332
37880.697650390
82318.863022932
11556.032756808
28525.072109839
68047.714739782
15202.058210324
171767.634869386
129032.939780487
64681.937500570
42756.355975596
275685.561517650
90587.730903573
116975.269922781
186694.003745337
5657571.838221367
74561.008572660
43041.000492548
81384.771967297
30940.381217126
34213.766303200
138724.156366633
23744.777926554
281400.607964346
128588.764024013
244133.700857410
6237.166096354
465445.090401836
180540.931764771
104019.113820389
163924.591254537
86616.763039919
85504.683775634
89655.635812705
120426.496228955
127879.306596019
80279.085706120
192042.766502421
7374.197269707
3.914867641
80186.242633308
265985.526047675
85442.958129579
97185.528451675
863897080.000000000
97777.969665673
57504.812860910
71905.606379588
86867.276516429
239721.009909616
23757.346806054
2473.595753194
103154.994523548
82147.509866346
150846.068493211
55237.756163547
155817.817660355
Case #78: 
84841.836381242
758478.520409736
829882.968632122
1042793.483337548
143740.114139717
97583.920702989
104325.081825444
19014.661653738
46767.754793067
52539.899988286
431413.549168388
84401.991914642
420644.815890851
113388.569756374
379025.700779927
151241.029891199
745.062005949
554885.060501343
165059.741401439
330442.930321901
581121.838521543
73432.518908381
314885.301820956
171518.209401510
1335097.590601939
95846.995824618
1299447.293476326
248627.143147934
157041.313836115
232904.903443139
226035.677646981
1134436.601538392
137402.208331110
290598.382232892
270197.203650766
296804.569400440
80153.137986562
123753.458836610
490421.818377986
11662483.752516976
1634593.954265390
269137.023838277
466820.433968881
52693.011426675
100376.479012765
118387.724154276
199467.979751170
1553329.990189832
238841.045107248
64423.862640932
Case #79: 
7597.020029986
13537.722954998
15107.659270241
18403.893995601
2674.213809426
9602.436255826
51639.376478294
11349.858565620
2458.364161889
33952.420867198
10814.026347932
9416.231362541
8110.039166351
5694.777424994
16176.259209936
4852.950581080
19771.407771836
6303.439423865
16125.298114043
14976.440502293
10304.571435944
12439.940107058
23995.714130707
9328.550781059
10958.051211157
8474.075456005
32825.747409347
7856.267067821
11561.974408912
10971.738500378
9603.447168597
12585.448258425
11965.191468623
18271.394007657
9239.601980590
4016.464645447
8152.953477194
13710.472772261
21079.182930174
13653.201115240
6061.901008502
12693.037863571
51095.508825517
11172.956843930
3734.824744031
7441.534465057
12909.847860872
8135.000000000
32130.623658685
8869.677970405
25372.025081085
Case #80: 
1853.314319200
1458.233531324
90.115407505
45738.000000000
118.084589352
90.115407505
162.015568256
Case #81: 
34130.047393172
19171.357883216
1321.808721322
69265.994759333
368112.121650038
77620.014122428
34130.047393172
480468.055474640
49920.610044594
52340.530754439
13252.524801996
587760.545680172
617922.781543783
387621.791452310
30298.480490385
47710.382335027
104556.771114163
13724.746492026
31858.533756065
26602.049031523
674705521.103250504
416.586062735
32326.756280192
81991.047886323
50054.164158239
28310.978530921
534.031261376
66187.679432966
127722.001400898
34997.992876429
1937328.457160598
65797.305151904
48463.028677165
2269.589311837
592101004.563193083
462243.789712867
137263.033339308
28836.728868516
53736.552524595
88071.000000000
27498.210372106
23765.400372562
338.085643119
Case #82: 
34211.896645236
14982.629555178
40753.001665037
41851.855910913
33152.336096071
23799.480977946
25795.923733715
27781.872600777
42491.009695966
33809.375857378
1367784.270890397
23306.353534902
49449.760278303
46849.798480379
33930.748893605
39927.136623648
47178.690475113
27159.392949365
18690.811650387
30897.421821507
43378.242317522
69450.519288486
124957.811283767
43629.185368182
35496.220338287
35917.851890281
25268.185344097
59354.207236676
24928.913455244
33435.078232454
40288.409126040
53046.920833285
79295.706937782
29605.881963492
31081.255923683
31807.699262023
21534.829251547
29697.252666457
58154.548954820
66916.314158300
41124.322189128
29609.161201501
32619.455853012
35648.902614587
36502.482215557
277675.260535634
25500.917425058
40242.202654363
52068.227364407
545.119412373
32496.364224735
51728.943461543
34757.575166122
51650.803434914
33353.543417719
41203.158462688
38227.148510641
34057.377444266
33475.530921392
37356.917811442
134800.105107866
37832.611910847
28711.267313044
33850.257015343
49338.560033202
36070.262498593
42009.287154505
27440.008298797
36154.425405767
23303.564678498
29750.459122338
7405.125330046
35467.348891009
46908.746292171
30908.299753365
43945.834655982
36348.335949421
34593.456944766
54492.387480532
37056.212637450
23392.991170601
342.131621115
62031.195953593
19003.219239577
71647.554773459
27106.728649273
41943.298680323
26566.150587393
19321.849655240
31261.010511380
8709.846853042
27957.856441149
39362.261148828
41178.824514535
28860.662468919
41462.235625242
10833.942601992
55141.579641689
36003.653863284
47819.255945987
Case #83: 
642.506809302
22475.964139498
22475.964139498
16921.291900934
5.000000000
2201153.228133834
411040669.000000000
55362.210342453
4778.598475022
5648.691782769
22475.964139498
2201153.228133834
5648.691782769
1.414213562
49661.292915106
4492.239230663
22475.964139498
566.104177353
7930.625401157
7683.304189063
279.032298628
55362.210342453
7930.625401157
5825525.792119283
1702.244788628
265.012592089
2693.534829875
1702.244788628
356.016602642
265.012592089
1.414213562
4778.598475022
16921.291900934
16921.291900934
4492.239230663
4778.598475022
2201153.228133834
3156.932220376
279.032298628
566.104177353
265.012592089
1702.244788628
9591.000000000
3156.932220376
1.000000000
2.289428485
1.414213562
3.464101615
566.104177353
2693.534829875
5648.691782769
2201153.228133834
1003.434168983
Case #84: 
34387.561678792
70107.007633475
23610.757247931
46744.661656891
54479.736824750
34163.202639953
30943.359646954
48703.859169809
55445.437184395
32767.083595044
39353.901189254
36638.710350070
37238.645633041
54132.897506718
25340.278776807
49678.141154691
18047.878453870
48279.725580669
111090.793775247
48762.194084912
57455.911488576
52755.932251861
55221.393457235
43542.851666782
45330.348419396
52766.512652210
57188.925651173
41364.439721114
44678.313446970
52806.740789910
50126.936076727
49635.826968305
64089.515120512
52920.196357209
26229.092980960
49988.460712121
60756.333642760
44102.912389276
43074.439326690
54079.431816403
17743.458215341
44358.063349812
45253.914151132
39819.757522285
39104.887788462
30840.703510315
45557.304989147
100109.502690520
42051.479249537
56658.763730714
44896.010472927
46270.249492824
34621.191563169
62431.992135794
18269.618535831
60655.538745079
3887.225832398
66049.317655156
49431.116431969
32774.538440544
26911.158966694
46140.315989928
53473.264469230
46782.487729307
75108.906188367
61967.860099176
56294.373211300
45497.644813519
32775.656453831
56078.619548267
51458.432139810
44590.611261805
26593.815464026
57031.004555790
52260.250388690
69026.068261441
49229.903442016
51949.274130864
47999.129623074
36511.113417060
72660.303030677
50005.017286604
41217.478622540
46988.831932732
58310.199914382
60246.868331493
52870.868535239
74659.139832620
6361.167960085
43684.144519120
50460.891228573
79459.206750867
35693.903842467
30453.993946133
39159.074785460
38607.445331817
47344.353358573
43256.121619216
43461.067456899
53128.865244587
Case #85: 
20456.693762567
142643.277224440
42017.987959493
31413.835620765
26992.737081133
32003.387938496
1069211.192024606
24291.025213591
79183.740695774
47952.687786800
20602.701739488
1341.219369040
27121.083383277
12337.299360237
23444.540099681
38777.350634718
30463.116237220
24135.191298217
39599.787442109
36477.403068563
15557.159730211
44856.364624959
12907816.447527517
43983.258050085
20639.080189458
19647.746946946
39218.528963848
26907.093556152
19413.304989358
987.907245682
35510.974764862
13789.265348968
58857.679068974
17353.926814510
40706.073259199
24886.688901955
58109.350017208
23731.692028299
38630.586420828
40254.210373267
35777.893206159
34064.818900037
39045.461828113
30363.601999078
31341.429628631
17614.107443442
37747.067833231
12482.017350880
29234.217727324
19179.298006343
32001.156296330
19819.775873342
7934.406020725
79050.821598202
17025.564559882
13812.929669403
28573.759031856
23469.971032289
35585.461699436
8581.595434914
125.904725884
45676.943103821
20223.866190799
1597380.697986512
26937.988805228
112073.396753759
9843.088504298
22611.725339433
53081.852225317
34009.716643036
35406.760313851
22002.032195726
38879.568080473
29527.756042809
20594.729242191
22147.310654402
36111.921162625
4021.177386521
1834.041316453
26163.765285396
Case #86: 
116959.949847062
15705.782866584
72322.277321008
21469.080057291
41478.073743043
71944.716951918
241317.175965163
46968.435003394
201773.377702426
42011.032868655
1815000.047554132
17395.577031823
76909.856174362
18035.151394652
5464.559541393
7476.098443194
23756.269479464
18464.821326932
60105.412646994
33362.316394929
2363.627212001
24784.114956918
22907.632565149
Case #87: 
45197.828340269
42096.668860900
47254.420653504
36392.945978886
44018.345200680
46589.102052898
46738.497933013
26433.283926670
70520.357843365
40355.433585382
37120.632886949
46873.010345731
47109.210257870
78032.360012043
97156.595909842
70434.964803039
242698.053512088
34774.323783132
44084.029210896
45063.022603665
48661.446096770
50792.819157316
42531.702755927
46455.542087557
43278.111240236
49496.223379541
38332.226397309
108866.480693297
44700.418717933
58356.570264400
47431.666326029
9665.532987896
47101.787443454
47568.536961906
42458.850792091
48049.024271671
45541.698361512
39697.921636753
69918.314435874
38932.056282932
55702.926059129
47668.780137176
47694.691789004
121890.631102958
46525.219991686
46632.339510349
48666.286312347
52660.999142560
75948.107012587
36774.706207373
37218.681073752
37499.433012313
41194.250475007
38427.235383458
35265.798648406
25287.688918182
43475.536086365
58127.287037252
29430.174011527
40495.108354923
77246.112616735
39601.434847282
44765.598548199
39541.026032773
47942.904547890
36506.147966280
48732.046353943
102163.252156086
44947.214242896
42628.008838405
44411.761241046
36563.938768455
44400.486451288
42413.403925914
37582.941728158
51966.513859500
29546.406009019
126414.101116269
35389.439595211
22184.018662794
52441.313708718
19341.387089985
36694.093472837
42640.448180162
51868.014489300
48601.879591980
46134.520895497
55948.571019030
38966.981594589
40509.380907052
121686.695538086
46581.931081723
29861.883162276
85140.444389069
57685.558601741
32022.546507434
30383.063052561
44275.250496472
43510.939634624
89378.636663241
Case #88: 
65385.592278831
494561.970420615
3537.665490576
16431.062688010
8479.398904918
37772.019575242
20980.497783776
2489.656610862
57198.504007889
6346.712287460
3735.715749379
495.368549668
46616.266808587
5469.925359661
208626.792373118
332326.718883733
38905.551311894
3379.377145805
3804.151426424
23480.593730610
7740.753093922
27944.927436601
133532.060486128
17812.729458130
6881.777190981
3330.706014063
3591.790554652
2156.560112281
21999.467420261
46783.635244125
145877.955537980
135526.809759139
6971.153221923
5149.334536252
216856.508779528
31717.083254864
2465.747864108
3003.539986781
8434.476278848
3140.764180992
100651.328032475
3130.235912582
5303.747691573
3116595.820260304
7478.826637014
35908.009610439
8583.922552113
12018.111758233
13598.859670920
30519.191101881
10.000000000
3116595.820260304
8685.496702554
5274.081094016
9115.766344545
364994765.051575601
560634.294823515
6613.519413059
7774.537236917
48635.729951405
9286.230902082
3631.837377945
31249.323174547
3861.406210681
6386.206127085
7341.696007098
18454.215127467
27446.879162517
55397.947117476
5059.600212397
3243.979140537
20820.085719813
3526.168036721
35704.500237913
Case #89: 
178021.009810740
237278.221474387
132475.029418158
3159.720972265
116619.009618831
117917.184912604
164339.491140445
124823.915118897
249291.271484631
194581.448696108
140889.362876903
596949.906033020
270895.118226361
322255.973253687
147497.873064488
45925.347354520
200224.896860294
1717.986079277
98516.706607169
189354.330679070
2347754.221004341
202091.736843192
270443.236664114
190444.741112091
19722.313115615
501973.721547869
268645.043419833
201682.540868603
31934.121869423
144278.460606266
77851.758832424
1017076.745621092
40275.370876654
200531.292407388
44828.294555196
100429.805679730
2902.763912815
159699.775246042
58157.847212126
140889.362876903
138871.720876769
229137.557243350
330491.698347962
175035.594920459
1488.885336013
156746.431371401
4543701.179282047
53557.963469497
224778.039144991
92110.009112597
126827.315112733
Case #90: 
85869.457539929
14263.233210196
120700.745211503
108156.310172669
126761.736847340
129589.048616559
741.986988872
214608.158396833
156123.524740489
55468.285121183
66577.605452357
424144.671767276
165920.239421210
38541.300464460
217989.201248364
104489.472849298
98700.051678448
54179.172763164
14421.110785314
22730393.959152546
146535.829983032
58676.278445224
32040.146284238
265946.053009559
80926.968897806
94736.798759130
202003.153821440
456.944845632
64846.322627960
71021.399314160
130060.254955790
498410.159170932
176229.840007948
29806.547024810
77746.383155890
208696.528080740
86081.771732726
86735.945583686
70480.659664061
100698.199709510
26167.254004235
111973.065959306
215735.363820767
194941.891175857
61105.642400211
125297.304412556
97846.252747759
11838.257748849
Case #91: 
4485.413467778
72500.871107924
190892.198340023
375102.474690878
13045.653258108
111923.711972237
146910.962989047
218788.797288699
30836.492957712
49336.569311444
36084.864706184
51277.753530668
63917.619494927
55575.605525322
43100.289743101
765309.964301841
205388.068891001
102261.365263127
184877.307747398
49855.514714421
77688.381072346
13808.035883369
70772.862396373
33534.128781211
204030.565140911
53308.277182252
52063.524735213
41631.456994482
Case #92: 
44308.892237642
48350.235195809
60598.559875839
50421.653354829
45055.503854543
47583.905089948
54327.646138078
44905.226632896
39974.453312751
44955.230357144
40574.615303316
50841.928943781
55789.003623594
41961.153231732
37870.936217812
43602.598678474
59803.652150095
33281.711596300
50702.672448608
36907.951482234
48069.114899962
51972.553803477
53022.770089855
48608.905422466
50213.920007634
9339.872233221
44784.772816215
60323.626149386
40240.782038429
24839.482679046
100004.266244220
44797.512266794
55085.269473264
48012.089078486
61584.014987055
21874.865999717
37818.375850715
40878.078589039
19191.940109298
22258.319904462
87565.025808764
55379.686892295
52514.633072556
34539.361725522
50196.655483226
44374.890244998
62317.964650729
35229.696918476
43426.320375059
57462.099470629
48552.703068272
23027.658437702
38680.390869078
55583.089470246
48219.160513536
43126.975462760
18530.120466765
46294.127877807
2309.651012960
44051.080103599
47951.693607488
49292.892189057
36830.308644139
37761.527660629
36590.769715871
40122.867311090
43229.853422538
47757.434732069
39476.872760206
54465.071966320
58215.787838537
34705.389989797
43990.611708550
43909.039608519
13358.738377205
45363.720973861
76961.064513858
60648.027130207
14181.044080440
43431.973998778
63141.260981061
46721.354696966
37339.022859662
38696.846792274
39722.126814161
36855.713242111
57088.136271891
63671.987495255
52113.075780330
62296.203290982
41547.315518166
22116.038158917
31119.412050181
50107.796395645
50350.583027732
11471.764890709
52292.385289358
36358.865874556
54916.890921623
66457.717535059
Case #93: 
64368.903467011
48978.788380816
50093.878495112
64669.509780022
57289.450836521
45550.249460998
62464.606805304
46564.993674031
77988.651824147
142503.125764829
54399.045771807
82419.542950090
59718.675308481
366705500.799205780
27955.850982575
706.380917070
59283.927377452
65861.362139788
28915.085643196
131951.252653219
57610.561885580
95627.282266523
519603.592998222
452.092910805
13821.583104789
57289.450836521
30921.141882322
36723.629606714
25694.131170086
76541.936948547
49386.962990754
53974.895432366
10916.216531622
53097.601381061
59761.051945300
27001.820536972
74653.886503733
82242.448952093
58338.145946822
978313.948717661
44749.053648299
24946.975610440
57573.262627263
26916.030459425
102819.912768092
34249.607431856
120003.163916272
17831.162261693
78077.105189572
21584.704158063
66505.364933791
104711.369909212
18115.314593580
33212.040692168
21376.382473721
97661.533489923
96942.925472613
40953.751817621
7814.965704931
55986.119872245
72244.644877810
113500.912417316
4193886.650677985
24859.973216522
3748.290950481
2237.741117395
34785.833271545
Case #94: 
34175.432253891
45032.442397846
18400.746120725
41921.882503259
56238.400476440
20243.225376659
36377.072085314
36383.818383243
35001.357358436
45129.401715731
29891.411497127
62457.078307233
30712.481002629
27520.517946257
36590.166423990
34082.959830899
38480.742029387
39097.959723738
52402.130533811
3378.850969741
33157.069188681
61765.187320052
15532.371132394
36683.633725373
74351.622689285
33849.775500065
34686.626702469
56270.908776488
45107.544424794
33995.362693850
73112.926398645
38465.154660430
40751.794104428
34743.222813480
30255.159048460
54300.308131935
23007.254957724
43531.549018439
29183.060336518
45292.835242862
38216.872278069
29347.164973452
38263.932965904
27805.485774599
24347.275873053
26331.193063951
23472.353049991
37324.696251808
41215.993679725
40178.775555162
27589.814498593
38814.436363015
76166.091235324
52331.379364052
51562.644248661
21682.280137049
34989.345084307
28047.981085910
31566.484859751
33927.775003741
45601.387378319
67251.648558092
34705.355888865
27718.548931136
40735.313815172
37413.433360624
40697.659562232
39770.801662931
41276.106745252
22839.788126332
32712.176796317
51556.538361298
46028.438744877
62203.407787709
35638.204724513
37194.985205906
38845.168260298
33311.473882732
19213.313387467
41884.329917242
42600.694309135
58823.981048136
43488.459452393
36965.870325727
33474.289507670
29311.445910910
36525.361011592
22886.631987506
31697.815156069
41519.600844789
27607.296416345
5187.704493995
33396.388584014
40834.961403617
36761.770342007
31809.868661759
37241.501252151
35866.758797596
38282.906324088
4061985.058042287
Case #95: 
41492.568493166
256922.125103295
12979.199542048
8768.160468252
37817.319208373
13833.434898207
24881.017293333
31502.874449208
31531.087666428
37083.665941436
28341.067118744
20383.609018120
24575.129194386
32496.766825583
18342.654276046
51886.770036526
28081.092339795
22977.360468898
39895.899525901
38392.401568336
17757.770895333
20810.529591123
30074.338801551
107023.801117013
32211.486657580
41627.153099367
34422.816363875
39515.581844662
14087.569890104
8028.138754327
32328.018226134
16210.423626458
94379.595447465
32328.050813511
13849.136504159
394176.436587527
44766.280985578
22632.917099486
15678.460987917
33744.831861836
66403.865017554
133923.811744564
43460.363306960
21793.492616544
28379.478024126
204364.942592751
24066.563074618
48557.051239061
15121.402286945
24289.547436308
30819.549012978
30848.462300938
47768.504036900
29646.512152404
49159.660751287
37998.842420466
8663.579916475
30182.024634448
42739.668590066
40885.004217197
88158.493380569
7081.477259304
8232.046931346
45726.851358930
22452.294518924
50707.014125800
29871.821355761
92406.633677913
18320.015405523
29465.938520039
41900.798165403
30113.353112374
11342.727579868
40022.145591453
22987.817754603
26385.202547593
41028.004947605
17434.416426081
34882.902197683
30134.668151475
29788.145534376
28983.638579703
261227.075987936
35136.857112318
28570.962330373
44565.724071746
70820.148232995
15984.125557116
42034.085043472
29011.987173819
39162.685127867
4714.461280838
38679.125561943
8797.817583362
37968.464143315
9835.369440840
84467.117063750
69132.007202869
2434.065791699
28146.198288154
Case #96: 
27705.593769796
26368.265343005
59018.296589767
6079.117217120
30929.000000000
106933.197144171
54523.805514883
7399.751344557
41904.635018598
17862.640885218
15398.587805858
22283.311017936
39008.476637937
12355.882293395
16255.263401425
30263.108809126
47555.114564696
310989.521779365
120469.852380451
57120.718754296
18282.296936546
360385.684687766
57645.374977436
40735.199181505
25869.472842972
18513.761751352
41002.059409754
26276.176321254
10844.272194267
30320.413010888
38804.931218706
1599199.582885109
503819148.000000000
131166.305266924
57056.466990442
4322.160358276
33579.680088978
13109.298030848
7242.035449242
34298.395906800
33626.479575558
56579.294864352
21543.869427674
189431.941775192
29920.595209905
15086.035452015
182099.500222367
31623.892669072
47691.435138077
22291.521549198
5197.585002253
89451.591563869
Case #97: 
54784.972234626
131604.510169048
15055.646935405
74491.497480981
74222.208319470
53237.909454974
63244.504022332
119525.984142799
41029.608053875
77994.553512348
217899.626418969
155909.464210842
199113.756630495
36196.578654962
121176.383805768
92328.885412655
39692.937046504
60359.854853225
17600.077584848
156066.332682888
79607.076992013
41595.539541510
46642.682683156
61140.626213938
169023.926341491
148732.002938112
132058.591878826
216733.115904565
250897.853130517
62437.096039909
64535.312861508
80803.186634405
157632.619914427
213446.805942847
199866.151108351
142314.683801905
84872.475722529
836073.113968994
74146.346800964
94820.734574755
276620.931508703
30738.303716811
225121.925622097
90211.684317927
32977.602365931
Case #98: 
36575.228428354
21769.784955355
45880.000000000
64869.335204281
342364.626732881
309684.421370240
13196.108949627
497404.814910067
3050846.982717643
21628.252204431
141.372971724
12628.666872338
39440.554544855
187.487770945
148931.407449591
21479.351842593
107094.434509666
30051.582642893
164623.039414133
22932.053341127
47310.208642138
34951.554901461
44585.328119217
35553.086130576
47865.995935042
206429.727185727
32238.491654325
50228.478664799
69432.219504174
57869.068381072
845.350465086
12153.662890723
29135.845154510
104861.612299329
53746.916779149
310079.177430313
39804.545574976
59217.487459962
31040.754578215
64240.668552382
68925.224460979
39829.034492510
8022.370077697
28816.086980156
17162.442170746
23857.142001468
236902.540004864
28997.841998560
46474.670161332
27378.694539412
27292.517126908
48751.197561181
60941.519942151
91395.475921577
15724.459558416
59934.332355773
37721.508060972
3444.931026371
52347.378005506
40809.548291064
39882.419401522
10159.167378740
240956.768223261
105632.417810610
15272.688148469
119644.155703148
51852.942723381
31219.921820395
407818.659379241
465008.027936305
103116.646706109
769.981817967
48021.763532204
6647.141986136
57240.889682652
43371.580481675
68556.617128223
51148.695048000
37826.411591986
45549.955725251
817434350.000000000
51253.985284874
70683.873000230
31091.240755507
42485.094366388
1588.162990324
52456.775194065
105084.560631693
Case #99: 
15087.621262424
220649.581587370
50538.897612707
4342.615337355
429552.170755782
12391.052984691
4893.593705246
334927.872740467
177564.744294715
6785.031759901
11342.277093348
18598.654878098
26738.699702318
8016.804537838
5410.238364607
140576.166523152
14929.136199367
278880.960337330
12188.190866368
60603.226753171
15328.006430809
862556208.000000000
189.450006048
5665.162649256
14088.264379241
18888.688015590
1156.835234756
9977.587070352
39147.672364522
66178.292380212
17178.489205446
7669.145663563
5866048.638534120
4623.697289909
292021.228742463
15212.495612077
16734.964734181
25462.277784360
39294.481949211
4079106.589284983
11536.898472241
3103.272064930
10644.048702156
1969.867234905
415068.409752065
35.297611050
15944.845784260
4389.865167585
36489.175377648
25947.947407955
4227.469856904
8548.885016799
365205.662529557
14967.568303042
33832.646179799
19055.082824318
121042.662882887
35.297611050
170216.227838208
472.040397170
20353.924172856
28559.315410853
Case #100: 
86852.313357295
13150.508800102
2.645751311
16238.025702108
25271.445249684
21039.521981167
4985.489934939
136972.314611146
57023.662221979
7768.118585480
4854.316219723
28678.160973130
17787.889019912
662873.392851958
13757200.779324483
462767.480596220
12984.927547542
15097.936872912
35814.991078045
42172.745176965
146922.810029476
167571.220221577
13816.311263362
6271.602421431
116063.688646030
61265.816753826
11955.146420330
15063.483556972
1682.979750347
16663.606185497
45075.388914002
43282.398510556
37373.566271989
54395.015956006
35470.943267125
