Case #1: 
562.012455378
6758089.782838047
173235.619489260
31244.622609339
1560544.719731621
306861.458916167
1714721.900011565
90613.298674986
2961379.330193955
1714721.900011565
Case #2: 
1000000000.000000000
Case #3: 
5625420.382274766
17253.000000000
3501378.753420209
789196.177186011
31983.822098055
2937630.603462100
1335384.050095411
25657122.233859546
218692.043350529
530208.731819219
Case #4: 
1.414213562
2.449489743
Case #5: 
7366.602082160
561.925261934
664.878936349
130.262192730
18820.243718030
4705.923903938
12071.240692476
83980.026673013
1757.492497499
666.618730120
Case #6: 
6.952053290
31.305372415
3391.080075959
4.281390286
722.816476867
85.562679891
812405581.000000000
31.305372415
Case #7: 
42198.938280483
474042.562939546
1261368.056643344
45457.869318744
6500197.246665366
45457.869318744
429062.585189387
82167.000000000
105520412.000000000
Case #8: 
198840.281896076
96816.620749928
687.572947411
362402.807497822
34455.375101898
Case #9: 
552072510.000000000
552072510.000000000
552072510.000000000
552072510.000000000
552072510.000000000
552072510.000000000
552072510.000000000
552072510.000000000
552072510.000000000
Case #10: 
19615.897385265
Case #11: 
489876622.000000000
489876622.000000000
489876622.000000000
6125208.637190573
6125208.637190573
6125208.637190573
76587.000000000
76587.000000000
6125208.637190573
6125208.637190573
Case #12: 
1856257.708156117
14856604.549887404
338418.947528454
637029521.000000000
1856257.708156117
25827.488777062
61697.997828131
14856604.549887404
Case #13: 
168095.376262166
217810273.000000000
952303189.000000000
77210.844007509
64045.479169802
1574212.376393041
273707.389527454
43906.935006689
4001.228409914
Case #14: 
363876.126214940
13459.149898861
363876.126214940
13459.149898861
13459.149898861
13459.149898861
Case #15: 
17648.153064927
3199.570934009
3.000000000
23414.629822854
3199.570934009
269406.873171873
414658.811688668
Case #16: 
247037.405533026
74434.333578314
73021.013014727
75862.667625336
67231.805194075
739.433566996
247037.405533026
71871.000000000
91127.000000000
79728.010515353
Case #17: 
5724246.675327680
181.016573827
1.000000000
Case #18: 
51126.372842203
1564110.928436590
62672838.933339939
85368840.257321313
510691709.000000000
1564110.928436590
380101474.000000000
1515177.568083625
4238947.275423146
Case #19: 
6016763.880662761
30865.163226524
Case #20: 
43015.484734063
43015.484734063
43015.484734063
43015.484734063
6308443.736564193
Case #21: 
3.000000000
3.000000000
3.000000000
3.000000000
Case #22: 
33674.405746774
45195.173386090
70250.385370868
20972.252747014
10993.956765654
Case #23: 
113550.451070050
176.544611926
485406.922021709
176.544611926
16215.862234245
9463.099061443
10400047.082931811
5418130.656232646
5080.873763771
24133.789299443
Case #24: 
828076411.000000000
828076411.000000000
828076411.000000000
828076411.000000000
828076411.000000000
828076411.000000000
828076411.000000000
Case #25: 
282934.786453366
85233.576429715
139383.341058746
282934.786453366
Case #26: 
400883541.309837639
496504069.054642320
443704758.485926211
Case #27: 
43608.537881238
410089872.000000000
45914.406433296
2453.167381523
3717762.679522457
109.779171301
4722.983810806
Case #28: 
99700.000000000
99700.000000000
99700.000000000
99700.000000000
99700.000000000
Case #29: 
42644.985570399
Case #30: 
404022.368739415
26053662.000000000
50312.248697509
Case #31: 
56.510475918
536.617652553
119.523807281
952.940936626
9081.399261559
10020.408912489
1139983.231476886
5191.398216773
1543.067867406
135704579.000000000
Case #32: 
526.847226433
526.847226433
526.847226433
34696.000000000
526.847226433
34696.000000000
526.847226433
526.847226433
526.847226433
Case #33: 
67562.475662008
71665.277050298
71665.277050298
68763.801458048
601.002495835
482.849873149
Case #34: 
1149.458264817
3575510.108400199
26065.367322814
5327.263056305
44729.222941774
48637.679126555
26065.367322814
48637.679126555
Case #35: 
543948366.000000000
1457594.492455802
75452.952705643
69968.101975114
1457594.492455802
69968.101975114
9.000000000
Case #36: 
91110.590690655
87502.000000000
3873.277278541
3873.277278541
3873.277278541
782.632736346
Case #37: 
40228250.036009438
465251.608938476
160505.065069052
17010.749660141
1536205.377515697
8009369.626628677
180184.626038097
610198519.915416360
174490.173442825
4.000000000
Case #38: 
539007.941291973
2283149.504241893
Case #39: 
562494.791904377
61890.816216676
5460287.789186024
52082.412320499
Case #40: 
663.934775551
4.472135955
768.726219144
174.553528568
Case #41: 
30927.163982493
Case #42: 
48083.103061263
Case #43: 
68399.000000000
261.532024808
261.532024808
68399.000000000
68399.000000000
1.000000000
1.000000000
261.532024808
1.000000000
1.000000000
Case #44: 
2773.684314605
667.149158734
Case #45: 
373156809.000000000
9.000000000
9.000000000
57951.801361131
623.500201913
Case #46: 
49659.662151899
39757.120115741
48696.748294087
46508868.679475926
48696.748294087
2886704.216967365
2886704.216967365
Case #47: 
8.000000000
8.000000000
5234494.918632742
3461.500047005
485311.494122498
52944.382336657
41990.119709206
1786947.715856172
485311.494122498
122505.123788081
Case #48: 
64654.000000000
64654.000000000
471.313059441
64654.000000000
55534.000000000
59920.741283799
59920.741283799
4.000000000
64654.000000000
Case #49: 
7.000000000
37710.812096798
37710.812096798
2980313.213732241
7.000000000
2980313.213732241
7.000000000
Case #50: 
984246.446986729
984246.446986729
984246.446986729
15320182.000000000
984246.446986729
Case #51: 
1.000000000
2.000000000
Case #52: 
87900.000000000
87900.000000000
87900.000000000
87900.000000000
87900.000000000
87900.000000000
87900.000000000
Case #53: 
1970.768261797
6578.165857574
5510.540292829
38381.799593036
862.950009931
22656.491166992
859.596774055
15533.179584361
2912.650956120
18047.000000000
Case #54: 
6.054800208
7.000000000
7.483314774
7.483314774
6.073177944
6.054800208
Case #55: 
28462.918455422
6.000000000
Case #56: 
5.241482788
1366.613032107
5753507.037119186
30951982.395953372
55.297690077
94645.518752871
94645.518752871
13935.141331363
Case #57: 
60054.505442972
6.000000000
Case #58: 
33909.592846273
644.000000000
4232.889153369
89366.207546533
747392.903281801
644.000000000
363.816694866
210.440015206
26085983.958489954
21951491.407470610
Case #59: 
3020.743953196
Case #60: 
390312.864929180
161499.621506250
161499.621506250
33517.720111572
390312.864929180
33517.720111572
105477.115027955
775767.702117517
105477.115027955
Case #61: 
54618.229630774
8.000000000
371.321962722
450.518045681
380.139780415
393.846416767
695.892500443
1299.223311752
465.916954738
680.772389702
Case #62: 
1256.856968540
1573272.530237530
2468.452614221
1573272.530237530
30988.273980553
30988.273980553
2260.093147869
30988.273980553
35158.985262312
Case #63: 
77627.844231307
3481.056165311
77627.844231307
3481.056165311
72614.199196851
Case #64: 
553.046838941
27057.549944516
39908.481897178
553.046838941
3047.517256178
2022.727749376
366709.669230134
2022.727749376
16317667.478234230
488232.422701666
Case #65: 
928997105.000000000
Case #66: 
30400.187155754
1318.620810579
18098.011852134
41498.137530945
Case #67: 
47404.000000000
2899.165342834
762.082672681
41958.000000000
90.524346593
3.000000000
3992.515990413
439.361410432
1.000000000
203.808473949
Case #68: 
978028434.000000000
Case #69: 
99756.000000000
99756.000000000
96.470348036
Case #70: 
529.093564504
529.093564504
473.235670676
473.235670676
130.833305836
27994.000000000
8.000000000
Case #71: 
45868.000000000
42.510770050
1421.341758289
42.510770050
2.000000000
53452.385833001
29884.716066842
535676707.481910884
42.510770050
1123404.352431272
Case #72: 
154.004160229
6.928203230
76095.000000000
6.928203230
Case #73: 
8.485281374
17068.122613094
3822.094358510
17579.260792195
36327.700174935
3822.094358510
Case #74: 
35987.247609758
464.418018919
10.000000000
10.000000000
2.000000000
Case #75: 
33864.836482700
114682715.000000000
33864.836482700
114682715.000000000
10.000000000
114682715.000000000
33864.836482700
114682715.000000000
Case #76: 
3.000000000
3.000000000
3.000000000
3.000000000
3.000000000
3.000000000
3.000000000
3.000000000
Case #77: 
7.348469228
6.000000000
1760.997814659
9.000000000
1760.997814659
7.348469228
9.000000000
6.000000000
101130625.000000000
Case #78: 
2567.655385211
3809.280891010
696946.624083939
697.875347036
Case #79: 
32572.288750697
12060.064901143
6103.583865681
63763.877561296
45925.705078043
55018.533024376
1026208.436118741
6789.723755496
45597.568372845
51644.000000000
Case #80: 
1028063.558207855
573276.423487264
589188.230758867
1618531.180285182
37049.000000000
446.358600231
33085.237969212
31945204.102764376
323699.301320023
84641705.279165670
Case #81: 
5.477225575
Case #82: 
456381.724112042
48034.195371025
Case #83: 
34506.150408297
60811.687034648
1574.389879346
2092056.522451261
32740.510142988
2.000000000
863827.097606033
Case #84: 
4629.812473995
46132.000000000
3272.061503226
4266773.325523164
3272.061503226
2333052.286201051
187520.388146911
4919225.244657943
644.350836113
2333052.286201051
Case #85: 
276999291.000000000
448784732.315092146
276999291.000000000
727105601.000000000
448784732.315092146
Case #86: 
21847386.775642965
2642030.789024679
978417.529698749
3070888.465162973
33044.932410280
752785.683113001
18854.000000000
33044.932410280
178027007.695521802
845993.105211487
Case #87: 
6564596.461995970
6564596.461995970
65405.000000000
6564596.461995970
65405.000000000
Case #88: 
3279.862963366
21978.209998453
6334.141105743
2970.089434893
Case #89: 
341101.760395337
534371.528290135
42622.992421931
3.000000000
42622.992421931
1977333.340089901
1941973.322978974
6263608.968489269
30066577.567017123
2693495.281297890
Case #90: 
36518.909532489
1.000000000
4533.872062291
1.000000000
48516.244140398
1733.876941318
4934710.773424112
48516.244140398
680.667369495
4934710.773424112
Case #91: 
10859939.537517644
163307972.898382545
14993457.465364041
2690549.770007609
9147416.090022331
10859939.537517644
Case #92: 
946264951.000000000
946264951.000000000
Case #93: 
2202635.929132638
36502.000000000
2202635.929132638
2202635.929132638
132913403.000000000
132913403.000000000
2202635.929132638
Case #94: 
5.000000000
5.000000000
5.000000000
5.000000000
5.000000000
5.000000000
5.000000000
Case #95: 
842627893.000000000
842627893.000000000
842627893.000000000
842627893.000000000
842627893.000000000
842627893.000000000
842627893.000000000
842627893.000000000
842627893.000000000
Case #96: 
33265.212518946
33265.212518946
7311347.064997531
25591.404064646
1036753.198287137
14408025.266963992
1083353.003506369
5265582.535140728
5955725.012776698
1329053.576740754
Case #97: 
211064439.000000000
1497094.946134346
Case #98: 
17997.739091988
95519.000000000
64303.910942596
Case #99: 
26218.455103228
1.000000000
4773.273425130
Case #100: 
390044.662574089
13532.000000000
456687713.000000000
2941.089377105
3036.935285795
8049.024567333
2941.089377105
26248.727316074
