100
10 10
1311827 52643 6 162704407 53900 847342811 83211 23974 2 6
1 2
4 5
1 7
2 3
4 6
0 6
3 7
0 3
3 4
3 7
1 1
1000000000
0 0
10 10
216229014 523529609 151339460 620814118 13916 17253 59292 480500890 73130 480655659
6 9
5 5
2 9
5 7
5 6
2 7
3 7
7 9
4 8
3 5
3 2
1 2 3
0 1
1 2
10 10
15874830 455448244 5 63152 7 10 705264488 4 2363 5
0 5
2 3
3 4
2 4
6 8
0 9
0 7
5 6
3 8
4 7
6 8
89486 1 7 6 8 812405581
2 4
0 4
3 5
1 4
2 5
0 2
5 5
0 4
9 9
8 538983892 78393 70808 25149 82167 651474500 105520412 6
3 4
1 8
1 6
4 5
1 2
4 5
5 8
5 5
7 7
10 5
9 32843 292852080 91205 1782 2 35569 717018414 95372 421673600
1 4
1 7
3 5
2 4
0 8
1 9
552072510
0 0
0 0
0 0
0 0
0 0
0 0
0 0
0 0
0 0
7 1
691699377 22034 4735 1 411898405 67583 9
1 5
2 10
76587 489876622
1 1
1 1
1 1
0 1
0 1
0 1
0 0
0 0
0 1
0 1
5 8
4 951660734 637029521 5409 5
2 3
1 3
0 3
2 2
2 3
2 4
0 1
1 3
10 9
3 217810273 529287508 30320 921926200 76316 84188 6 6649 952303189
2 8
1 1
9 9
4 7
3 7
0 4
0 9
3 8
5 8
3 6
265965575 58891 3076
0 2
1 2
0 2
1 2
1 2
1 2
10 7
3 212037427 8641 17004 107848163 7 216125979 10 545913681 6
0 2
7 9
0 0
3 5
7 9
1 8
1 6
10 10
8 88070 85367 990917646 43814 7 71871 926903363 91127 6
1 8
1 5
3 9
1 9
4 7
8 9
1 8
6 6
8 8
7 9
3 3
1000000000 32767 1
0 1
1 2
2 2
8 9
400312776 619741154 510691709 67642 380101474 118826061 6 435651000
6 7
2 6
1 5
0 5
2 2
2 6
4 4
3 7
1 6
8 2
9 28634 8 16329 7 136094043 671790521 53888
6 7
4 5
3 5
71404 557342199 2
0 2
0 2
0 2
0 2
0 1
1 4
3
0 0
0 0
0 0
0 0
8 5
16438 57493 630675907 7 84642 5 819200506 558
1 7
0 3
4 6
4 7
0 5
10 10
6 43825698 53456 480154072 61139 3896 8 4208296 867640030 43747
1 6
5 6
3 5
5 6
0 1
4 7
1 3
3 4
5 7
0 2
1 7
828076411
0 0
0 0
0 0
0 0
0 0
0 0
0 0
10 4
9 807195839 21796 586148616 43955 4 9 467559740 108129366 329547575
1 5
0 1
2 8
1 5
3 3
354353425 453523523 543557893
0 1
1 2
0 2
5 7
410089872 6 6 36750 376102295
2 4
0 0
0 4
0 2
3 4
1 3
1 4
1 5
99700
0 0
0 0
0 0
0 0
0 0
6 1
6 4260 99004 871298642 9 582747942
1 4
3 3
26053662 843774123 3
0 2
0 0
1 2
10 10
59137 826826749 5 135704579 3010335 3 48562 7 10 24393
5 8
6 9
7 9
4 9
1 9
0 8
1 4
3 9
2 8
3 3
2 9
8 34696
0 1
0 1
0 1
1 1
0 1
1 1
0 1
0 1
0 1
5 6
85530 853815655 90301 4 58286
1 3
0 3
0 3
0 4
2 3
3 4
5 8
9 303931544 42063 7 5158
2 4
1 2
1 4
0 3
1 3
0 2
1 4
0 2
3 7
632572008 9 543948366
2 2
0 2
0 1
1 2
0 2
1 2
1 1
3 6
94868 87502 7
0 1
1 1
0 2
0 2
0 2
1 2
10 10
857433807 799985058 80189 87713707 945967195 393610091 37423 7 4 72341401
2 5
1 8
2 8
8 9
3 7
1 2
3 8
4 5
4 9
8 8
7 2
115123049 45280 70195 3 254877341 88918 531311356
0 6
0 1
8 4
767556009 93569 6 671541648 35063 850319218 5 51120
3 6
1 6
4 5
2 4
8 4
36950 2 10 6 9 98490 6 268420297
2 7
1 2
5 6
3 5
2 1
55584 17208
0 1
3 1
462396960 5 8
0 1
2 10
1 68399
1 1
0 1
0 1
1 1
1 1
0 0
0 0
0 1
0 0
0 0
4 2
3 47943 8 55636
1 3
2 3
4 5
9 9 373156809 5
2 2
0 1
0 1
1 2
0 3
7 7
647790504 459752143 922237175 17035 4 89486 997373483
3 6
2 4
2 5
0 3
2 5
0 6
0 6
10 10
8 8 740636308 7 128264545 42009 652239688 2 174002231 784505642
0 1
1 1
5 6
1 3
2 8
0 6
0 8
2 6
2 8
1 8
3 9
64654 55534 4
0 0
0 0
1 2
0 0
1 1
0 1
0 1
2 2
0 0
4 7
31147265 43721 203157907 7
3 3
2 3
2 3
1 2
3 3
1 2
3 3
2 5
15320182 63233
0 1
0 1
0 1
0 0
0 1
2 2
1 4
0 0
0 1
1 7
87900
0 0
0 0
0 0
0 0
0 0
0 0
0 0
10 10
8 43748 21236 24172 60945 9 18047 2 23706 10178
3 9
1 5
2 6
3 4
3 7
2 3
4 8
8 9
0 6
6 6
5 6
410824740 6 4 8 7
1 4
4 4
3 4
3 4
2 4
1 4
3 2
4 9 90015303
1 2
0 1
10 8
10 895777422 39410 839960498 4 6 6 64933 329675282 2
4 6
2 6
2 3
1 3
4 7
0 1
0 1
2 8
2 2
6 601090604
0 1
0 0
10 10
45813 25099 815367089 867385329 644 509806080 8857 5 8 49452
0 1
4 4
4 9
2 9
3 4
4 4
6 9
6 7
1 3
2 5
10 1
578198056 34016 77141 24890 9 9 7 437523309 1 887218418
5 7
10 9
3 770183996 16297 418878352 3 73147 67660 36708 187975984 187127731
1 8
1 7
1 7
0 2
1 8
0 2
0 8
6 8
0 8
10 10
9 17235 8 9 4 745787752 7 1 70317 21004
4 5
2 2
1 2
0 9
4 7
0 1
1 9
1 5
2 9
2 5
5 9
769640223 5 3 132362912 18700
1 3
3 4
1 4
3 4
0 4
0 4
0 2
0 4
0 3
4 5
7 753260275 8 52866
1 2
0 2
1 2
0 2
0 1
10 10
37510 362532090 336224350 35645 3 244037003 692969131 3 5 9
6 9
4 5
5 8
6 9
3 9
4 9
3 6
4 9
1 3
1 7
2 1
15092 928997105
1 1
10 4
1 28489 11497 7 35098 87168 71740419 10 39162 59416
6 8
1 3
1 2
4 9
10 10
7 14896 41958 58077 10 82424 1 9 47404 3
8 8
2 4
3 4
2 2
5 7
6 7
0 3
0 9
6 6
4 8
2 1
978028434 102581728
0 0
3 3
1 99756 9
1 1
1 1
0 2
3 7
10 27994 8
0 1
0 1
1 2
1 2
0 2
1 1
2 2
10 10
6 5174 45868 560156084 512267104 340503364 74753 6 6402 2
2 2
7 9
6 8
7 9
9 9
5 7
0 3
3 4
7 9
2 7
3 4
8 6 76095
0 2
0 1
2 2
0 1
8 6
8 9 2 82020 16090 30903041 10 210306051
0 1
4 6
2 6
5 6
3 4
2 6
9 5
10 50211 4 2 3 832615050 50840 6 152787950
6 8
0 5
0 0
0 0
3 3
2 8
114682715 10
0 1
0 0
0 1
0 0
1 1
0 0
0 1
0 0
1 8
3
0 0
0 0
0 0
0 0
0 0
0 0
0 0
0 0
3 9
101130625 9 6
1 2
2 2
0 2
1 1
0 2
1 2
1 1
2 2
0 0
7 4
7 6 403051846 48703 10 681 713266662
0 2
1 5
5 6
3 4
10 10
495981155 79084 9 4 746478480 51644 28033 66908 14943442 5
2 8
1 6
2 5
0 4
5 7
0 6
4 6
1 4
3 6
5 5
10 10
3 54410 221872158 974886852 37049 902581231 600623352 6 33206 89398
0 5
5 8
4 7
1 8
4 4
7 8
0 2
3 5
0 9
2 6
7 1
60506 80801728 527217238 64212 5 6 15751
4 5
6 2
8 40879 6 451855993 391436589 14693
1 4
1 3
10 7
10 369806128 142836031 31203657 148834302 8 16193 975611423 2 2
4 5
0 1
7 9
2 7
4 8
9 9
0 7
10 10
3 9 46132 17622 15667 18558 980997662 103875446 673985545 35904
1 5
2 2
1 4
5 6
1 4
4 7
2 6
8 9
1 2
4 7
2 5
727105601 276999291
1 1
0 1
1 1
0 0
0 1
10 10
671875077 965094638 16082 18854 87072959 363989186 3 648178979 14549 379320331
0 2
4 9
4 8
7 8
5 6
2 9
3 3
5 6
4 5
1 8
2 5
65405 658878170
0 1
0 1
0 0
0 1
0 0
10 4
9 873347992 6 5 705662586 10 45623 717144262 723148737 602429444
3 5
0 7
3 6
1 3
10 10
44308 56630 51861 865454981 605573161 3 51658 140441303 199780706 18877
1 5
2 5
4 5
5 5
4 5
2 8
8 9
1 4
2 4
6 7
10 10
42900 942546893 77054 3 25429 3 2 770393572 31609 1
6 8
9 9
1 9
9 9
1 4
2 7
7 8
1 4
5 9
7 8
9 6
75333 25516 283706618 77926781 57933 746607968 155880795 171089030 1
2 4
6 7
3 5
1 2
0 7
2 4
2 2
946264951 9
0 0
0 0
2 7
132913403 36502
0 1
1 1
0 1
0 1
0 0
0 0
0 1
1 7
5
0 0
0 0
0 0
0 0
0 0
0 0
0 0
1 9
842627893
0 0
0 0
0 0
0 0
0 0
0 0
0 0
0 0
0 0
7 10
35846 807674942 43917 951069208 56206 327459981 2
4 6
4 6
3 4
5 6
1 6
1 5
0 2
2 5
1 2
2 4
4 2
10619 211064439 32977 79088
1 1
0 1
10 3
188376955 92723 6 69119 95519 91997 44231 40926 6 547159068
1 7
4 4
3 7
6 3
48154 9 1 687407388 83909 3
2 3
2 2
1 4
7 8
7 456687713 13532 9602 8 81833 7
1 3
2 2
1 1
0 6
2 5
0 5
0 6
1 4
