Case #1:
0
1
3
4
5
6
8
10
11
12
16
25
28
32
36
38
39
43
46
48
51
55
56
60
66
70
73
74
75
77
78
79
80
81
84
86
87
88
89
99
101
102
103
104
105
107
109
111
114
115
116
129
131
133
135
140
143
144
148
149
151
152
154
157
158
159
161
163
167
169
170
171
172
173
176
180
182
183
186
187
192
194
195
202
204
205
206
208
209
210
211
216
217
218
220
222
224
225
226
227
228
230
235
236
237
238
239
243
244
246
248
249
250
257
258
260
263
264
265
267
271
275
278
279
280
282
283
284
285
286
289
290
293
294
295
299
303
305
308
309
310
314
315
316
317
318
325
326
328
330
331
335
336
338
340
341
343
344
347
350
353
358
362
365
366
367
368
369
370
371
373
375
376
377
379
380
381
383
387
389
390
394
398
399
400
401
403
404
405
407
409
410
411
412
413
415
416
420
423
425
426
430
431
432
434
436
438
447
448
450
453
454
456
459
460
464
465
468
470
471
473
477
478
479
482
485
488
490
492
494
496
497
498
499
500
501
505
508
509
510
511
512
513
514
517
518
519
520
525
526
529
530
533
538
539
540
544
545
547
549
550
551
553
557
561
566
567
571
573
574
578
579
580
583
584
587
594
596
598
599
602
606
607
613
614
616
617
618
619
621
625
627
628
631
633
634
635
647
648
650
651
653
654
655
659
661
665
666
668
669
670
671
673
676
679
681
686
690
692
693
695
697
701
702
703
705
706
707
709
710
713
716
719
721
722
725
727
730
731
732
737
740
741
743
745
748
750
753
758
759
760
764
767
770
772
773
779
781
786
787
788
792
797
798
799
800
803
804
806
808
809
810
814
815
819
822
826
828
830
833
834
836
839
840
841
844
845
846
848
849
850
851
852
853
854
855
856
858
860
863
866
867
869
870
872
873
877
879
883
884
885
889
891
892
895
898
899
900
902
904
905
906
907
909
912
914
917
922
923
925
926
927
928
931
933
934
935
943
945
952
953
956
957
958
960
962
963
964
965
968
971
973
974
977
978
979
980
981
982
984
985
991
995
996
998
1004
1005
1006
1007
1010
1011
1012
1016
1021
1022
1024
1029
1031
1032
1034
1036
1039
1042
1048
1049
1053
1055
1056
1058
1061
1062
1063
1067
1068
1070
1071
1074
1075
1076
1080
1081
1083
1085
1088
1089
1091
1093
1094
1096
1097
1100
1101
1103
1104
1105
1108
1109
1111
1113
1114
1115
1117
1118
1119
1121
1122
1123
1126
1128
1129
1134
1135
1136
1138
1139
1140
1142
1144
1145
1146
1147
1151
1152
1153
1155
1156
1157
1160
1163
1166
1170
1171
1174
1175
1176
1181
1182
1183
1185
1191
1192
1193
1194
1196
1199
1201
1203
1204
1207
1209
1210
1211
1212
1216
1217
1219
1221
1222
1223
1226
1227
1229
1234
1238
1239
1240
1243
1246
1247
1248
1251
1253
1254
1255
1256
1259
1265
1267
1268
1269
1272
1274
1275
1277
1280
1281
1282
1286
1288
1289
1290
1291
1293
1294
1295
1296
1300
1302
1303
1307
1308
1309
1310
1313
1316
1317
1322
1323
1324
1326
1329
1330
1334
1337
1338
1344
1345
1346
1349
1351
1352
1353
1355
1356
1357
1358
1360
1363
1365
1366
1367
1369
1370
1371
1372
1373
1374
1379
1383
1384
1387
1390
1391
1393
1395
1397
1401
1402
1405
1407
1408
1409
1411
1412
1414
1417
1420
1421
1422
1425
1426
1428
1429
1431
1434
1436
1438
1440
1441
1444
1445
1446
1449
1456
1457
1461
1464
1465
1468
1472
1474
1475
1476
1481
1484
1486
1487
1488
1489
1490
1491
1493
1494
1495
1497
1498
1500
1502
1503
1509
1515
1518
1519
1520
1525
1526
1527
1529
1530
1532
1534
1535
1537
1538
1539
1541
1542
1544
1547
1549
1556
1557
1558
1563
1564
1565
1566
1567
1575
1577
1579
1581
1582
1585
1587
1589
1590
1591
1593
1595
1597
1601
1604
1605
1606
1607
1613
1614
1616
1617
1618
1619
1620
1621
1623
1630
1632
1636
1637
1639
1642
1649
1650
1651
1653
1661
1664
1668
1670
1671
1672
1673
1674
1675
1676
1677
1678
1679
1680
1681
1683
1691
1694
1695
1697
1701
1702
1703
1705
1709
1710
1711
1714
1715
1717
1718
1719
1725
1726
1727
1729
1730
1732
1734
1735
1736
1737
1738
1740
1741
1742
1743
1744
1747
1756
1757
1758
1760
1766
1768
1769
1781
1784
1786
1787
1790
1792
1793
1794
1796
1799
1800
1801
1802
1803
1804
1805
1807
1809
1814
1815
1816
1818
1819
1821
1823
1824
1825
1826
1828
1830
1831
1832
1833
1837
1838
1841
1842
1846
1847
1852
1856
1857
1860
1862
1864
1868
1871
1872
1873
1874
1875
1876
1879
1887
1888
1889
1891
1893
1894
1895
1896
1898
1903
1904
1906
1907
1908
1909
1911
1914
1919
1920
1922
1923
1924
1926
1927
1930
1933
1936
1937
1938
1941
1946
1948
1949
1951
1952
1953
1957
1958
1961
1962
1965
1967
1969
1972
1974
1975
1976
1978
1979
1980
1984
1987
1993
1995
1997
2003
2005
2008
2010
2013
2015
2016
2017
2018
2019
2020
2021
2022
2026
2028
2031
2034
2037
2039
2040
2041
2043
2046
2048
2050
2052
2053
2055
2056
2057
2058
2060
2061
2062
2063
2064
2066
2067
2070
2071
2072
2073
2074
2076
2079
2081
2082
2083
2087
2088
2089
2090
2093
2094
2095
2096
2097
2098
2099
2110
2113
2114
2116
2117
2121
2128
2130
2134
2135
2137
2141
2145
2147
2153
2156
2162
2163
2167
2176
2180
2183
2184
2185
2186
2188
2190
2193
2196
2197
2198
2199
2200
2201
2202
2203
2204
2205
2211
2213
2215
2217
2218
2219
2220
2222
2223
2225
2227
2229
2230
2231
2234
2237
2240
2243
2244
2245
2247
2249
2253
2254
2257
2260
2262
2263
2264
2266
2267
2268
2269
2270
2275
2276
2277
2280
2281
2283
2285
2288
2292
2293
2294
2299
2300
2301
2303
2305
2310
2312
2313
2314
2315
2316
2317
2318
2320
2321
2323
2324
2325
2326
2327
2329
2331
2340
2341
2342
2349
2351
2352
2356
2357
2358
2359
2361
2365
2366
2369
2370
2371
2374
2378
2380
2381
2384
2387
2388
2389
2393
2394
2396
2399
2400
2401
2404
2405
2406
2408
2418
2419
2420
2421
2423
2424
2430
2433
2435
2437
2438
2439
2442
2443
2445
2446
2447
2448
2452
2453
2456
2459
2461
2462
2465
2467
2468
2469
2471
2476
2477
2478
2479
2481
2482
2483
2485
2486
2487
2488
2490
2492
2498
2499
2501
2503
2504
2505
2506
2507
2513
2514
2516
2521
2524
2525
2527
2528
2529
2531
2533
2534
2538
2540
2541
2543
2545
2546
2547
2549
2556
2558
2559
2560
2564
2565
2567
2569
2570
2571
2576
2577
2579
2580
2583
2586
2588
2589
2590
2592
2593
2596
2598
2599
2600
2603
2608
2610
2613
2617
2619
2622
2623
2624
2626
2630
2632
2633
2634
2635
2636
2637
2638
2641
2642
2643
2645
2650
2651
2653
2655
2656
2658
2662
2663
2664
2665
2666
2672
2673
2674
2677
2679
2684
2686
2690
2691
2693
2695
2697
2698
2703
2704
2706
2707
2708
2714
2715
2718
2719
2724
2725
2726
2727
2735
2737
2740
2741
2743
2745
2748
2749
2755
2756
2758
2761
2764
2766
2771
2772
2773
2774
2777
2778
2780
2783
2787
2790
2791
2793
2794
2800
2802
2804
2809
2811
2818
2819
2824
2825
2827
2828
2830
2831
2833
2834
2836
2839
2840
2848
2849
2850
2851
2852
2853
2854
2856
2859
2861
2862
2863
2866
2869
2870
2872
2875
2878
2879
2880
2881
2887
2890
2894
2899
2900
2902
2905
2906
2908
2909
2921
2922
2923
2924
2926
2927
2928
2929
2933
2934
2939
2940
2942
2943
2944
2945
2947
2951
2953
2956
2957
2958
2960
2962
2963
2966
2970
2973
2974
2977
2978
2980
2981
2982
2985
2987
2988
2993
2995
2996
2997
2998
2999
3000
3001
3002
3005
3006
3010
3012
3015
3017
3018
3019
3020
3021
3022
3023
3025
3027
3028
3030
3032
3035
3036
3038
3039
3042
3044
3046
3047
3048
3052
3053
3054
3055
3056
3057
3060
3061
3064
3065
3066
3068
3069
3070
3071
3072
3073
3074
3076
3077
3078
3080
3081
3083
3084
3085
3089
3095
3096
3098
3104
3105
3106
3114
3115
3116
3117
3118
3121
3124
3126
3127
3130
3131
3132
3133
3136
3137
3138
3139
3140
3141
3142
3143
3147
3149
3150
3153
3154
3158
3160
3167
3168
3169
3172
3175
3182
3184
3187
3189
3191
3194
3198
3199
3200
3201
3202
3204
3205
3206
3213
3215
3216
3217
3218
3221
3222
3224
3225
3227
3228
3229
3232
3233
3234
3236
3239
3241
3242
3245
3249
3251
3253
3254
3255
3259
3260
3264
3265
3266
3269
3270
3275
3278
3280
3281
3282
3283
3285
3287
3288
3294
3296
3299
3300
3302
3305
3306
3310
3311
3312
3314
3315
3316
3317
3321
3322
3324
3327
3329
3331
3332
3333
3334
3335
3341
3343
3344
3345
3346
3347
3349
3350
3354
3357
3358
3361
3363
3366
3369
3370
3373
3375
3382
3383
3386
3387
3388
3390
3392
3393
3394
3395
3398
3399
3400
3402
3403
3404
3405
3406
3407
3409
3411
3412
3413
3416
3417
3418
3420
3426
3427
3432
3433
3434
3436
3439
3443
3444
3446
3448
3452
3453
3455
3456
3459
3462
3463
3464
3465
3466
3468
3469
3471
3472
3474
3476
3480
3481
3482
3485
3486
3487
3488
3489
3491
3492
3496
3497
3498
3501
3504
3505
3506
3508
3509
3510
3516
3517
3518
3523
3525
3527
3528
3529
3530
3533
3535
3537
3540
3541
3543
3544
3545
3549
3550
3551
3552
3555
3560
3562
3563
3564
3565
3568
3569
3574
3575
3576
3577
3580
3582
3584
3585
3587
3591
3593
3594
3599
3600
3602
3603
3605
3609
3611
3613
3615
3623
3624
3625
3626
3627
3628
3629
3630
3632
3634
3635
3636
3637
3638
3641
3645
3646
3647
3648
3649
3650
3652
3653
3654
3659
3660
3661
3664
3666
3667
3668
3669
3670
3675
3679
3680
3681
3682
3683
3684
3686
3687
3689
3690
3691
3694
3696
3697
3698
3705
3706
3708
3709
3712
3713
3714
3717
3718
3723
3724
3725
3726
3733
3734
3737
3738
3739
3741
3742
3743
3745
3746
3750
3752
3753
3754
3759
3762
3764
3766
3767
3768
3771
3772
3775
3776
3777
3779
3780
3781
3782
3785
3788
3790
3792
3793
3796
3797
3800
3802
3805
3807
3812
3815
3816
3817
3818
3820
3821
3825
3826
3827
3829
3832
3833
3836
3838
3839
3842
3843
3847
3848
3850
3852
3854
3855
3856
3859
3860
3862
3867
3871
3877
3878
3879
3880
3882
3886
3887
3890
3891
3898
3899
3901
3907
3908
3909
3917
3919
3920
3921
3924
3926
3928
3930
3931
3932
3933
3935
3936
3939
3941
3942
3944
3947
3948
3952
3953
3954
3955
3956
3958
3964
3966
3969
3970
3973
3975
3976
3977
3978
3980
3981
3982
3983
3988
3989
3991
3992
3994
3999
4008
4009
4013
4014
4015
4017
4018
4019
4021
4023
4030
4033
4034
4035
4036
4037
4038
4040
4041
4044
4046
4047
4048
4054
4057
4060
4062
4063
4064
4068
4069
4071
4075
4077
4084
4085
4087
4091
4095
4098
4100
4101
4102
4105
4108
4111
4114
4115
4117
4118
4120
4121
4124
4126
4128
4129
4133
4136
4138
4141
4142
4148
4149
4156
4160
4163
4164
4165
4168
4169
4171
4173
4174
4176
4177
4181
4182
4183
4184
4185
4186
4188
4189
4192
4193
4198
4199
4200
4203
4204
4205
4208
4210
4211
4212
4215
4216
4217
4218
4219
4223
4224
4225
4228
4229
4235
4241
4242
4244
4246
4250
4255
4260
4271
4274
4275
4276
4278
4279
4281
4282
4283
4285
4289
4292
4296
4297
4302
4304
4306
4310
4312
4314
4315
4319
4320
4324
4327
4328
4330
4331
4332
4334
4341
4343
4344
4346
4347
4349
4350
4351
4353
4354
4355
4356
4361
4362
4363
4364
4366
4367
4369
4370
4378
4380
4382
4383
4384
4386
4389
4391
4392
4393
4396
4399
4400
4401
4407
4409
4410
4414
4415
4416
4419
4425
4426
4428
4429
4430
4432
4433
4436
4441
4444
4445
4446
4447
4449
4453
4454
4458
4459
4462
4463
4464
4466
4469
4470
4472
4473
4475
4480
4483
4484
4485
4486
4487
4489
4492
4494
4495
4501
4502
4505
4508
4511
4513
4516
4518
4520
4522
4526
4529
4533
4534
4536
4537
4538
4540
4542
4544
4545
4549
4550
4551
4552
4554
4555
4557
4558
4559
4562
4563
4564
4565
4566
4570
4580
4582
4585
4587
4593
4594
4595
4597
4599
4600
4601
4602
4604
4605
4608
4614
4615
4616
4619
4622
4624
4625
4626
4629
4630
4631
4634
4636
4637
4646
4647
4649
4652
4655
4656
4657
4658
4659
4660
4663
4666
4668
4669
4670
4671
4673
4676
4677
4679
4680
4682
4685
4686
4687
4688
4693
4694
4696
4697
4698
4706
4707
4708
4709
4710
4712
4714
4718
4719
4720
4722
4723
4724
4728
4729
4737
4738
4744
4745
4747
4751
4752
4753
4756
4759
4761
4762
4764
4765
4768
4769
4771
4774
4775
4777
4780
4782
4784
4785
4786
4789
4790
4799
4800
4803
4808
4813
4814
4815
4816
4819
4820
4821
4822
4825
4828
4830
4833
4836
4838
4839
4840
4841
4842
4843
4844
4846
4848
4849
4850
4856
4861
4864
4868
4869
4870
4872
4873
4874
4876
4881
4884
4889
4895
4896
4901
4903
4905
4906
4909
4911
4914
4915
4918
4920
4921
4923
4924
4926
4929
4934
4935
4938
4940
4941
4942
4943
4944
4945
4948
4949
4950
4953
4954
4956
4959
4961
4964
4965
4966
4967
4970
4971
4972
4973
4974
4977
4978
4979
4980
4982
4983
4984
4986
4988
4990
4992
4993
4996
4997
4999
5000
5001
5005
5008
5009
5010
5012
5014
5016
5017
5020
5024
5025
5030
5036
5037
5038
5044
5048
5049
5050
5056
5058
5060
5063
5066
5068
5072
5073
5076
5080
5086
5091
5095
5098
5101
5103
5106
5109
5110
5112
5113
5116
5117
5120
5122
5126
5132
5137
5138
5139
5140
5141
5142
5145
5148
5151
5153
5156
5157
5158
5159
5160
5161
5163
5166
5170
5172
5174
5179
5182
5184
5186
5187
5188
5191
5192
5195
5197
5201
5203
5205
5208
5209
5210
5211
5214
5218
5222
5225
5226
5227
5230
5231
5232
5233
5235
5236
5237
5238
5242
5243
5247
5248
5249
5251
5252
5254
5256
5257
5258
5263
5264
5269
5271
5273
5278
5279
5283
5286
5287
5288
5291
5294
5297
5300
5301
5302
5305
5309
5310
5312
5314
5315
5317
5319
5320
5324
5325
5328
5332
5333
5336
5337
5339
5346
5348
5350
5351
5353
5354
5355
5356
5357
5360
5363
5366
5368
5369
5372
5375
5376
5378
5379
5380
5385
5386
5387
5389
5390
5391
5393
5396
5397
5398
5399
5400
5401
5402
5405
5407
5409
5416
5417
5418
5419
5420
5422
5423
5424
5425
5426
5428
5430
5432
5435
5436
5441
5444
5447
5448
5449
5452
5453
5454
5456
5463
5468
5469
5471
5474
5475
5477
5479
5481
5483
5485
5486
5487
5489
5490
5492
5493
5499
5500
5503
5505
5506
5509
5510
5513
5514
5515
5519
5520
5522
5523
5524
5525
5526
5527
5529
5531
5532
5534
5535
5536
5538
5539
5540
5542
5546
5547
5549
5552
5553
5554
5555
5556
5559
5560
5561
5564
5565
5566
5567
5568
5571
5574
5578
5579
5580
5581
5582
5583
5584
5590
5591
5592
5593
5594
5595
5596
5606
5607
5613
5614
5615
5616
5617
5618
5619
5620
5623
5624
5625
5628
5630
5631
5634
5635
5636
5639
5640
5642
5643
5644
5648
5649
5650
5651
5652
5653
5656
5658
5659
5665
5666
5667
5669
5670
5671
5672
5676
5680
5681
5682
5685
5688
5689
5690
5691
5693
5696
5697
5698
5699
5700
5704
5706
5709
5711
5712
5714
5715
5716
5717
5719
5720
5721
5724
5730
5731
5733
5735
5736
5738
5739
5743
5745
5747
5751
5753
5755
5756
5757
5758
5759
5763
5764
5770
5773
5774
5778
5784
5786
5791
5795
5798
5799
5802
5804
5805
5807
5808
5811
5815
5817
5821
5822
5825
5829
5830
5833
5834
5835
5837
5838
5839
5840
5841
5843
5844
5847
5850
5852
5853
5855
5858
5861
5862
5866
5868
5870
5871
5872
5877
5878
5880
5881
5885
5888
5890
5891
5892
5894
5897
5903
5905
5906
5909
5910
5911
5913
5914
5917
5920
5922
5923
5924
5925
5927
5929
5930
5931
5932
5933
5941
5942
5943
5945
5946
5947
5949
5950
5954
5956
5959
5960
5962
5963
5965
5967
5968
5970
5972
5973
5974
5978
5983
5985
5986
5988
5989
5990
5991
5995
5999
6000
6001
6005
6009
6010
6012
6013
6014
6016
6021
6022
6025
6026
6029
6030
6031
6032
6033
6034
6035
6036
6039
6040
6041
6042
6043
6046
6047
6053
6054
6056
6059
6060
6063
6064
6065
6068
6070
6071
6072
6077
6078
6079
6081
6082
6084
6086
6088
6089
6090
6091
6092
6093
6095
6098
6100
6101
6105
6110
6112
6116
6117
6120
6121
6125
6126
6127
6128
6129
6130
6134
6135
6136
6137
6138
6139
6140
6142
6143
6144
6145
6146
6148
6152
6153
6158
6160
6161
6163
6167
6173
6174
6175
6178
6179
6181
6189
6191
6192
6195
6196
6199
6202
6203
6204
6207
6208
6210
6211
6212
6214
6217
6222
6225
6227
6230
6234
6235
6238
6242
6243
6245
6246
6247
6250
6251
6253
6255
6257
6260
6261
6262
6266
6267
6270
6276
6277
6280
6281
6282
6285
6286
6287
6289
6290
6292
6296
6297
6299
6301
6304
6306
6307
6308
6309
6310
6311
6312
6314
6315
6316
6320
6326
6327
6328
6329
6330
6331
6333
6336
6337
6338
6340
6346
6347
6350
6353
6356
6359
6360
6361
6363
6367
6369
6370
6371
6373
6374
6375
6376
6384
6386
6387
6389
6396
6398
6399
6400
6404
6405
6406
6407
6408
6409
6410
6412
6413
6415
6416
6427
6431
6434
6435
6436
6439
6440
6441
6442
6443
6445
6448
6451
6462
6464
6466
6470
6471
6472
6479
6486
6488
6489
6492
6493
6494
6496
6498
6499
6504
6505
6507
6508
6516
6517
6522
6524
6529
6530
6531
6534
6535
6537
6540
6543
6546
6547
6549
6550
6557
6559
6565
6566
6567
6569
6570
6571
6572
6573
6577
6578
6579
6581
6583
6584
6586
6588
6589
6590
6593
6598
6600
6602
6603
6604
6605
6606
6607
6612
6614
6615
6616
6618
6620
6623
6624
6625
6626
6627
6628
6629
6630
6632
6634
6636
6639
6640
6644
6646
6651
6653
6655
6657
6659
6661
6662
6664
6665
6666
6668
6669
6670
6674
6680
6681
6682
6683
6685
6686
6688
6689
6690
6691
6692
6694
6696
6698
6699
6700
6702
6703
6704
6706
6707
6708
6712
6713
6714
6715
6716
6718
6722
6723
6725
6726
6728
6730
6731
6732
6736
6737
6738
6740
6741
6745
6754
6755
6758
6760
6762
6765
6767
6769
6770
6772
6776
6779
6782
6783
6784
6789
6791
6792
6793
6794
6795
6797
6798
6800
6805
6808
6811
6813
6815
6816
6818
6819
6820
6821
6822
6829
6830
6831
6833
6834
6835
6837
6839
6840
6842
6843
6844
6845
6852
6853
6856
6859
6860
6861
6864
6865
6867
6868
6870
6871
6872
6876
6878
6879
6880
6881
6885
6887
6888
6889
6890
6893
6895
6896
6898
6899
6900
6902
6905
6907
6909
6910
6911
6916
6920
6921
6926
6927
6928
6930
6936
6941
6944
6945
6946
6949
6951
6954
6957
6959
6960
6961
6962
6964
6965
6969
6976
6977
6979
6982
6986
6987
6988
6989
6991
6994
6995
6996
6997
6998
6999
7002
7003
7007
7008
7010
7012
7015
7017
7022
7024
7026
7028
7029
7031
7032
7033
7034
7035
7036
7037
7039
7040
7041
7042
7044
7045
7048
7051
7052
7053
7056
7057
7058
7061
7063
7065
7069
7070
7071
7076
7084
7088
7089
7094
7095
7096
7098
7099
7100
7102
7103
7105
7106
7107
7108
7109
7111
7112
7114
7119
7120
7121
7122
7124
7125
7126
7127
7128
7133
7134
7137
7138
7139
7141
7142
7144
7147
7149
7150
7155
7156
7157
7160
7161
7163
7166
7167
7168
7171
7173
7174
7175
7178
7183
7188
7189
7194
7196
7198
7200
7202
7203
7204
7205
7207
7208
7209
7212
7214
7216
7217
7226
7228
7234
7236
7237
7238
7240
7241
7245
7247
7250
7251
7254
7256
7258
7260
7261
7264
7265
7271
7272
7276
7278
7280
7281
7284
7289
7292
7294
7297
7298
7301
7302
7305
7306
7307
7310
7311
7312
7314
7315
7316
7317
7318
7320
7325
7329
7332
7333
7334
7335
7336
7339
7345
7346
7347
7350
7351
7354
7355
7356
7358
7359
7360
7361
7365
7366
7368
7371
7373
7374
7376
7380
7381
7382
7383
7384
7385
7389
7390
7393
7394
7395
7399
7401
7402
7406
7407
7408
7409
7410
7414
7415
7416
7418
7420
7421
7426
7427
7429
7431
7433
7434
7438
7439
7440
7442
7446
7449
7453
7456
7457
7458
7462
7463
7464
7466
7467
7468
7473
7474
7480
7481
7483
7486
7488
7489
7492
7493
7494
7496
7502
7505
7508
7509
7513
7514
7516
7519
7522
7524
7526
7527
7530
7539
7540
7543
7544
7545
7547
7552
7553
7554
7556
7557
7558
7559
7561
7564
7565
7567
7568
7570
7571
7572
7573
7575
7578
7579
7580
7581
7582
7587
7592
7593
7594
7597
7601
7602
7603
7605
7606
7609
7610
7611
7613
7614
7615
7617
7620
7621
7625
7626
7627
7628
7629
7630
7631
7636
7637
7639
7643
7644
7645
7647
7648
7650
7652
7653
7654
7656
7658
7660
7662
7663
7666
7667
7669
7670
7671
7672
7673
7676
7678
7685
7687
7688
7689
7690
7692
7694
7695
7696
7699
7701
7703
7704
7709
7711
7714
7717
7718
7719
7725
7727
7734
7735
7736
7737
7738
7740
7741
7742
7743
7744
7746
7747
7748
7750
7758
7761
7766
7772
7773
7774
7775
7776
7777
7781
7785
7787
7788
7789
7790
7791
7792
7795
7797
7798
7799
7801
7803
7805
7807
7809
7816
7817
7820
7821
7824
7826
7827
7828
7829
7830
7831
7833
7834
7837
7842
7843
7848
7852
7855
7860
7861
7862
7863
7867
7869
7870
7872
7874
7875
7877
7878
7880
7883
7885
7887
7888
7890
7894
7898
7899
7900
7901
7902
7904
7905
7906
7909
7912
7914
7915
7916
7917
7920
7921
7923
7927
7929
7931
7933
7934
7939
7940
7942
7948
7953
7956
7958
7959
7960
7961
7965
7967
7968
7971
7973
7974
7976
7977
7979
7981
7987
7989
7996
7998
8001
8002
8005
8007
8009
8010
8018
8019
8020
8021
8022
8023
8025
8028
8029
8031
8032
8034
8035
8036
8037
8038
8039
8047
8049
8053
8055
8058
8059
8060
8065
8067
8069
8072
8074
8076
8078
8080
8081
8086
8089
8090
8092
8093
8095
8100
8102
8103
8104
8105
8106
8108
8112
8115
8116
8118
8119
8120
8122
8124
8126
8129
8130
8132
8133
8134
8139
8142
8143
8144
8149
8150
8151
8152
8153
8154
8156
8158
8159
8160
8162
8164
8166
8167
8169
8174
8175
8177
8178
8181
8182
8183
8184
8186
8191
8192
8193
8194
8202
8206
8213
8216
8217
8219
8223
8226
8229
8233
8237
8238
8240
8241
8244
8252
8254
8255
8258
8259
8262
8264
8267
8269
8270
8271
8273
8274
8280
8282
8284
8285
8286
8287
8288
8291
8294
8295
8299
8300
8301
8305
8309
8312
8316
8319
8326
8329
8331
8335
8338
8340
8343
8346
8348
8349
8350
8351
8353
8356
8357
8358
8359
8360
8361
8362
8363
8364
8365
8367
8368
8371
8376
8377
8380
8381
8383
8384
8386
8388
8392
8393
8395
8399
8406
8409
8410
8411
8412
8413
8416
8417
8422
8423
8424
8425
8428
8429
8430
8432
8433
8437
8438
8440
8442
8444
8445
8452
8453
8460
8461
8463
8466
8471
8473
8474
8475
8477
8478
8479
8480
8482
8484
8485
8486
8489
8491
8498
8501
8502
8503
8504
8507
8508
8511
8514
8515
8516
8518
8519
8520
8521
8522
8523
8524
8525
8528
8529
8534
8535
8537
8538
8540
8541
8542
8543
8544
8546
8547
8548
8553
8555
8556
8558
8560
8563
8565
8566
8568
8572
8573
8577
8579
8580
8582
8583
8585
8587
8588
8590
8596
8597
8598
8600
8601
8602
8604
8605
8606
8607
8609
8611
8613
8614
8616
8618
8622
8623
8625
8626
8631
8633
8634
8635
8637
8644
8645
8648
8649
8650
8651
8656
8659
8661
8665
8666
8667
8669
8670
8671
8672
8673
8674
8675
8678
8679
8680
8682
8683
8686
8687
8688
8692
8698
8700
8702
8703
8705
8708
8709
8713
8724
8727
8729
8730
8732
8733
8734
8735
8737
8739
8742
8744
8745
8746
8747
8748
8749
8750
8752
8753
8758
8760
8761
8765
8770
8771
8774
8775
8779
8780
8782
8783
8784
8785
8786
8787
8788
8789
8794
8797
8800
8801
8802
8803
8804
8805
8807
8808
8810
8811
8817
8818
8819
8821
8825
8831
8832
8835
8836
8841
8843
8845
8846
8848
8850
8851
8853
8860
8862
8865
8866
8867
8868
8874
8875
8876
8878
8881
8882
8885
8887
8888
8890
8891
8892
8893
8894
8895
8897
8898
8900
8901
8905
8907
8908
8909
8910
8913
8915
8920
8921
8922
8925
8926
8930
8931
8932
8933
8934
8937
8939
8940
8941
8943
8948
8950
8956
8957
8958
8959
8963
8964
8966
8967
8968
8969
8973
8976
8980
8981
8983
8986
8987
8989
8992
8993
8994
8995
8996
8999
9001
9002
9005
9007
9011
9016
9017
9018
9019
9022
9026
9027
9028
9029
9031
9034
9036
9037
9039
9047
9049
9053
9057
9058
9059
9060
9062
9063
9067
9070
9073
9080
9083
9085
9086
9090
9091
9092
9094
9095
9096
9097
9099
9100
9101
9102
9103
9104
9105
9106
9107
9108
9109
9110
9113
9119
9125
9127
9129
9131
9133
9135
9139
9140
9141
9142
9143
9144
9145
9146
9147
9148
9149
9151
9152
9153
9154
9155
9157
9159
9163
9165
9167
9168
9169
9173
9175
9176
9177
9178
9180
9181
9182
9186
9187
9189
9191
9192
9194
9196
9198
9200
9201
9202
9205
9206
9207
9210
9211
9213
9214
9216
9218
9220
9221
9224
9225
9227
9228
9229
9230
9235
9236
9237
9240
9242
9244
9245
9248
9249
9251
9254
9258
9259
9260
9262
9264
9265
9266
9269
9271
9272
9276
9278
9281
9282
9284
9285
9288
9289
9290
9292
9293
9295
9297
9298
9299
9300
9306
9307
9308
9310
9311
9312
9313
9314
9319
9320
9322
9323
9324
9327
9328
9333
9334
9336
9338
9343
9344
9345
9346
9347
9348
9349
9352
9359
9364
9365
9367
9368
9369
9370
9373
9375
9377
9378
9379
9381
9382
9384
9385
9387
9390
9392
9393
9394
9397
9398
9399
9400
9401
9403
9408
9409
9410
9411
9412
9414
9421
9423
9425
9428
9429
9430
9433
9434
9436
9437
9440
9441
9442
9445
9448
9451
9452
9454
9455
9457
9458
9459
9462
9463
9464
9466
9468
9472
9475
9476
9477
9478
9480
9481
9482
9483
9488
9490
9494
9499
9501
9506
9508
9509
9511
9513
9519
9521
9522
9523
9524
9526
9527
9528
9529
9530
9531
9533
9534
9535
9536
9537
9538
9539
9541
9544
9546
9547
9549
9551
9552
9557
9559
9561
9563
9567
9568
9571
9572
9577
9578
9579
9583
9588
9591
9592
9593
9595
9597
9599
9600
9601
9604
9606
9608
9610
9613
9616
9617
9618
9620
9621
9622
9626
9627
9628
9632
9636
9637
9639
9641
9642
9646
9647
9650
9651
9653
9655
9656
9657
9660
9661
9666
9667
9669
9673
9675
9677
9680
9682
9684
9685
9686
9688
9692
9694
9696
9699
9700
9701
9702
9705
9708
9709
9712
9714
9715
9716
9718
9722
9723
9729
9731
9733
9736
9738
9740
9741
9744
9745
9746
9747
9749
9750
9752
9755
9758
9760
9761
9763
9764
9769
9771
9774
9777
9778
9783
9784
9787
9788
9792
9797
9800
9802
9803
9806
9808
9811
9812
9813
9816
9817
9818
9821
9822
9823
9824
9825
9826
9827
9828
9829
9830
9832
9834
9836
9837
9840
9841
9847
9848
9852
9853
9854
9855
9857
9859
9862
9867
9868
9871
9872
9874
9875
9878
9881
9883
9885
9889
9890
9891
9892
9894
9895
9897
9898
9900
9901
9902
9903
9904
9907
9909
9910
9913
9916
9919
9920
9921
9924
9925
9929
9933
9934
9935
9936
9937
9940
9943
9944
9948
9954
9955
9957
9961
9965
9966
9968
9969
9972
9974
9975
9976
9977
9978
9981
9985
9986
9989
9993
9995
9997
9998
9999
Case #2:
0
3
8
10
11
12
23
25
28
30
33
34
38
39
42
43
45
48
50
53
54
55
61
65
66
68
71
73
74
77
78
80
83
84
85
87
88
90
92
93
95
96
97
101
104
105
109
110
111
112
113
116
117
118
120
125
126
127
129
134
136
137
139
141
143
146
148
149
153
160
163
167
168
169
172
174
177
184
185
187
188
194
197
198
201
202
203
204
205
209
215
216
217
218
220
221
222
224
232
234
235
236
237
238
241
244
245
249
250
251
254
255
256
258
261
263
264
267
269
270
271
273
278
280
283
284
285
288
291
292
293
294
295
296
297
300
302
303
305
306
307
308
310
312
313
314
316
324
325
331
332
334
338
339
340
342
345
347
348
351
353
357
359
360
363
364
365
366
373
374
378
379
380
381
383
386
387
388
391
392
397
400
402
403
404
407
408
409
414
415
417
420
425
431
433
435
436
446
447
448
449
450
452
456
459
461
463
468
469
471
472
473
474
476
477
478
487
492
494
499
500
504
505
508
509
511
512
514
515
517
522
523
526
527
529
531
533
535
536
542
543
544
545
546
547
549
553
556
557
558
560
562
563
564
565
572
573
574
578
579
581
582
593
594
595
596
597
598
599
601
603
606
607
608
611
613
614
616
617
620
623
625
627
629
633
634
635
636
640
642
643
644
646
651
654
656
657
658
660
661
663
671
681
684
685
686
690
691
693
694
696
697
702
704
707
709
715
716
717
719
721
722
724
728
729
731
735
740
743
746
747
749
750
752
759
760
761
762
763
764
765
767
768
769
770
771
772
773
776
777
778
779
780
782
785
791
792
793
794
797
798
799
804
805
807
808
809
811
814
816
817
818
819
821
822
823
828
829
830
835
836
839
840
841
842
844
849
853
854
856
857
860
861
863
864
869
873
874
875
876
877
878
879
881
882
885
887
891
895
896
897
899
902
904
905
906
909
911
913
914
919
925
927
930
936
937
938
940
941
942
943
944
947
951
953
954
957
960
961
963
964
967
970
972
979
984
985
987
990
992
993
995
996
1001
1002
1004
1005
1007
1008
1010
1011
1012
1014
1017
1019
1021
1022
1024
1025
1030
1032
1036
1037
1040
1042
1044
1046
1047
1048
1049
1051
1053
1054
1055
1056
1057
1059
1061
1062
1063
1064
1068
1073
1074
1075
1076
1080
1083
1085
1086
1087
1089
1093
1095
1096
1098
1101
1102
1107
1110
1111
1112
1113
1115
1117
1119
1122
1124
1125
1126
1127
1128
1130
1131
1132
1135
1142
1143
1144
1148
1150
1158
1159
1162
1164
1165
1166
1167
1168
1171
1173
1174
1175
1177
1178
1179
1182
1184
1185
1187
1188
1189
1193
1195
1199
1200
1202
1203
1206
1207
1208
1211
1212
1213
1216
1218
1224
1226
1227
1230
1231
1234
1238
1239
1242
1243
1244
1245
1248
1250
1251
1253
1254
1255
1261
1262
1264
1267
1269
1270
1271
1272
1275
1276
1278
1285
1286
1292
1293
1295
1300
1301
1302
1303
1304
1309
1310
1313
1314
1324
1326
1327
1329
1332
1333
1334
1336
1337
1338
1339
1344
1345
1348
1356
1357
1358
1359
1361
1362
1363
1364
1368
1369
1372
1376
1377
1378
1380
1381
1387
1388
1389
1392
1394
1397
1403
1406
1407
1408
1409
1411
1414
1416
1418
1423
1426
1428
1434
1435
1436
1437
1442
1444
1446
1448
1453
1454
1456
1458
1460
1461
1463
1467
1468
1469
1470
1471
1472
1473
1474
1476
1480
1481
1482
1483
1487
1489
1490
1498
1499
1500
1501
1503
1505
1506
1507
1511
1512
1513
1515
1519
1521
1524
1527
1532
1534
1535
1541
1542
1543
1545
1551
1554
1555
1558
1561
1563
1565
1572
1573
1580
1583
1585
1588
1589
1590
1591
1592
1593
1595
1596
1598
1599
1600
1601
1602
1605
1609
1610
1611
1612
1613
1616
1621
1622
1623
1624
1629
1630
1631
1640
1641
1642
1643
1645
1646
1647
1648
1649
1650
1651
1652
1659
1660
1661
1663
1664
1666
1667
1668
1670
1672
1674
1676
1678
1679
1683
1685
1686
1687
1688
1689
1691
1695
1696
1698
1703
1704
1706
1710
1715
1716
1717
1720
1722
1723
1726
1727
1734
1737
1740
1741
1742
1744
1746
1748
1749
1750
1758
1760
1763
1766
1769
1770
1777
1779
1781
1783
1786
1788
1790
1793
1794
1795
1796
1798
1800
1802
1805
1807
1808
1811
1814
1818
1819
1821
1822
1824
1825
1826
1828
1829
1830
1831
1832
1834
1836
1837
1838
1840
1841
1843
1845
1846
1848
1851
1852
1853
1854
1857
1858
1862
1863
1866
1867
1868
1876
1877
1880
1882
1883
1886
1888
1891
1893
1894
1896
1900
1902
1903
1905
1906
1907
1909
1910
1914
1919
1920
1921
1922
1923
1928
1933
1934
1938
1939
1940
1942
1943
1946
1951
1952
1954
1955
1957
1958
1959
1960
1962
1963
1964
1966
1970
1974
1977
1980
1981
1984
1985
1986
1987
1989
1990
1991
1992
1996
1997
1999
2000
2001
2002
2003
2004
2005
2006
2007
2009
2011
2014
2016
2018
2019
2020
2026
2027
2028
2029
2030
2032
2034
2036
2039
2040
2045
2047
2051
2055
2057
2059
2061
2062
2063
2067
2070
2071
2074
2076
2077
2078
2079
2080
2081
2086
2087
2088
2089
2092
2093
2094
2095
2096
2097
2099
2100
2103
2104
2106
2108
2110
2113
2117
2118
2119
2120
2121
2122
2125
2126
2127
2129
2132
2133
2134
2136
2137
2140
2143
2145
2146
2149
2151
2153
2154
2155
2159
2161
2162
2163
2167
2168
2169
2170
2173
2177
2178
2179
2181
2183
2187
2192
2193
2194
2196
2199
2200
2201
2203
2207
2208
2209
2213
2214
2216
2217
2218
2219
2220
2221
2222
2223
2229
2230
2231
2233
2235
2236
2237
2241
2247
2250
2252
2253
2254
2257
2261
2263
2265
2267
2269
2270
2272
2275
2276
2284
2292
2295
2296
2299
2301
2302
2304
2305
2307
2308
2309
2312
2313
2322
2323
2325
2327
2332
2333
2334
2335
2337
2339
2340
2341
2342
2345
2348
2349
2352
2355
2359
2362
2364
2366
2367
2369
2371
2374
2376
2379
2380
2385
2386
2388
2389
2390
2392
2393
2396
2397
2399
2407
2413
2415
2418
2419
2420
2422
2423
2424
2425
2426
2427
2429
2432
2433
2435
2436
2439
2441
2442
2443
2450
2451
2452
2453
2459
2460
2462
2464
2466
2469
2471
2473
2476
2479
2480
2482
2484
2485
2486
2487
2489
2495
2497
2500
2502
2503
2504
2505
2507
2508
2513
2514
2515
2516
2518
2521
2524
2525
2526
2527
2528
2529
2532
2533
2534
2536
2537
2542
2547
2549
2550
2558
2559
2560
2561
2562
2563
2564
2573
2576
2578
2580
2584
2585
2587
2588
2589
2592
2593
2594
2597
2600
2607
2608
2610
2612
2616
2623
2626
2628
2629
2631
2632
2634
2635
2637
2638
2639
2640
2646
2647
2648
2649
2650
2651
2652
2655
2657
2658
2659
2661
2663
2664
2665
2666
2668
2670
2673
2674
2675
2679
2680
2688
2689
2690
2691
2692
2696
2697
2700
2702
2704
2706
2707
2709
2711
2712
2714
2715
2717
2718
2719
2720
2721
2724
2725
2727
2730
2732
2737
2742
2744
2746
2747
2749
2750
2751
2753
2754
2755
2757
2758
2759
2762
2763
2765
2773
2775
2778
2780
2782
2783
2784
2788
2789
2790
2794
2796
2797
2798
2799
2800
2801
2804
2806
2807
2810
2811
2819
2820
2821
2822
2823
2824
2825
2828
2829
2830
2835
2837
2841
2842
2844
2845
2847
2848
2850
2851
2852
2856
2860
2861
2866
2868
2870
2871
2872
2875
2879
2880
2881
2885
2886
2887
2889
2890
2891
2892
2893
2894
2895
2896
2898
2899
2904
2906
2907
2908
2909
2913
2915
2917
2919
2920
2924
2925
2926
2929
2932
2936
2937
2938
2940
2941
2946
2949
2951
2952
2963
2965
2966
2967
2970
2971
2973
2974
2978
2982
2983
2984
2987
2990
2995
2996
2997
2999
3002
3004
3007
3008
3009
3010
3011
3018
3020
3021
3022
3024
3025
3026
3029
3030
3032
3035
3036
3037
3042
3043
3045
3046
3047
3050
3052
3056
3065
3066
3067
3069
3070
3072
3074
3078
3080
3084
3086
3088
3089
3092
3093
3097
3098
3101
3104
3107
3109
3111
3112
3116
3117
3118
3121
3128
3129
3131
3133
3136
3138
3139
3140
3141
3142
3145
3146
3150
3152
3161
3167
3171
3172
3173
3174
3175
3182
3185
3192
3195
3197
3200
3202
3205
3207
3208
3210
3218
3221
3226
3228
3230
3232
3234
3235
3236
3237
3239
3240
3242
3245
3248
3249
3251
3252
3254
3256
3257
3260
3262
3264
3266
3268
3270
3276
3277
3278
3281
3283
3285
3287
3290
3291
3294
3295
3297
3299
3300
3301
3303
3306
3307
3308
3314
3316
3318
3322
3324
3325
3327
3330
3331
3332
3333
3335
3336
3337
3338
3339
3341
3342
3344
3349
3352
3354
3356
3357
3359
3360
3361
3367
3368
3369
3371
3373
3374
3375
3377
3378
3382
3387
3388
3392
3395
3398
3399
3400
3401
3402
3403
3404
3407
3410
3417
3418
3419
3420
3421
3423
3424
3427
3429
3432
3433
3434
3438
3444
3445
3447
3449
3450
3451
3455
3457
3459
3462
3463
3466
3472
3476
3478
3479
3480
3482
3483
3484
3485
3491
3492
3495
3498
3501
3502
3503
3504
3505
3506
3507
3511
3512
3513
3514
3516
3519
3523
3528
3529
3531
3533
3534
3535
3536
3539
3540
3541
3543
3546
3547
3548
3549
3550
3551
3553
3559
3560
3562
3563
3567
3569
3574
3587
3591
3593
3596
3598
3600
3601
3605
3608
3610
3611
3612
3613
3614
3615
3616
3617
3619
3620
3621
3632
3634
3635
3636
3637
3638
3640
3644
3645
3648
3650
3652
3653
3657
3660
3665
3667
3668
3669
3670
3673
3674
3675
3676
3677
3680
3681
3683
3684
3685
3686
3689
3691
3692
3694
3695
3697
3699
3700
3701
3702
3703
3704
3708
3711
3715
3716
3717
3718
3719
3723
3728
3730
3732
3733
3734
3736
3737
3739
3744
3746
3748
3749
3752
3755
3761
3763
3770
3772
3773
3774
3776
3780
3782
3784
3785
3787
3788
3790
3791
3792
3800
3801
3805
3807
3810
3811
3812
3816
3818
3821
3823
3824
3825
3826
3827
3829
3830
3831
3833
3834
3836
3837
3838
3839
3840
3847
3850
3852
3857
3858
3860
3862
3863
3864
3868
3869
3870
3874
3877
3879
3880
3881
3882
3885
3888
3889
3892
3893
3894
3895
3896
3897
3898
3900
3901
3903
3904
3905
3906
3907
3908
3909
3912
3914
3915
3916
3917
3918
3920
3921
3926
3927
3928
3929
3930
3933
3934
3935
3936
3937
3939
3941
3943
3944
3945
3948
3949
3950
3953
3956
3958
3959
3960
3962
3963
3965
3967
3970
3972
3973
3976
3978
3984
3986
3987
3991
3992
3993
3995
4000
4001
4002
4005
4006
4007
4008
4010
4011
4013
4015
4017
4020
4026
4028
4029
4030
4035
4036
4037
4040
4043
4044
4046
4047
4048
4049
4054
4059
4061
4062
4064
4066
4068
4070
4071
4073
4075
4076
4077
4078
4080
4081
4083
4084
4085
4086
4089
4090
4092
4098
4102
4104
4105
4106
4108
4112
4114
4120
4124
4126
4133
4135
4138
4139
4141
4142
4144
4147
4150
4152
4153
4155
4157
4158
4160
4161
4162
4163
4165
4169
4173
4178
4180
4181
4185
4186
4190
4192
4194
4195
4196
4199
4200
4202
4204
4205
4207
4208
4209
4214
4215
4216
4218
4220
4225
4228
4230
4231
4234
4235
4236
4237
4238
4241
4242
4243
4244
4247
4249
4250
4251
4253
4261
4262
4264
4266
4268
4270
4271
4272
4275
4281
4289
4293
4296
4297
4301
4303
4304
4307
4311
4312
4314
4315
4317
4323
4326
4327
4328
4329
4331
4332
4334
4337
4339
4343
4345
4346
4348
4349
4351
4352
4355
4357
4358
4359
4360
4361
4362
4364
4367
4368
4370
4371
4373
4374
4376
4380
4388
4389
4393
4395
4397
4400
4404
4405
4408
4409
4412
4413
4416
4419
4420
4422
4423
4424
4428
4429
4430
4433
4435
4437
4438
4439
4441
4442
4443
4444
4445
4446
4450
4451
4453
4454
4456
4457
4461
4463
4465
4470
4472
4474
4477
4478
4480
4482
4483
4484
4486
4492
4493
4494
4503
4505
4509
4511
4512
4514
4515
4518
4524
4527
4530
4533
4538
4539
4540
4545
4546
4549
4550
4552
4558
4559
4560
4562
4563
4564
4565
4567
4573
4574
4580
4581
4582
4584
4585
4589
4591
4592
4597
4600
4603
4604
4605
4606
4608
4609
4611
4613
4614
4616
4619
4621
4626
4628
4629
4630
4633
4634
4635
4638
4642
4643
4644
4646
4650
4652
4653
4654
4655
4658
4659
4661
4665
4666
4667
4669
4670
4672
4674
4678
4679
4682
4686
4689
4690
4693
4696
4698
4699
4700
4707
4709
4711
4714
4716
4719
4720
4721
4723
4724
4729
4730
4734
4738
4740
4741
4742
4743
4746
4747
4748
4749
4750
4753
4756
4760
4761
4762
4763
4767
4768
4769
4770
4772
4773
4777
4778
4780
4782
4784
4785
4788
4792
4796
4798
4800
4804
4807
4809
4810
4811
4812
4814
4816
4817
4820
4821
4822
4824
4825
4828
4829
4832
4834
4835
4836
4837
4839
4841
4843
4845
4846
4847
4848
4849
4851
4853
4854
4855
4857
4858
4859
4861
4862
4863
4867
4868
4871
4876
4877
4878
4879
4880
4881
4883
4885
4886
4890
4893
4894
4896
4898
4899
4901
4904
4905
4910
4911
4912
4913
4914
4925
4928
4929
4930
4935
4936
4937
4938
4939
4940
4942
4944
4947
4949
4950
4952
4953
4954
4956
4957
4960
4963
4965
4966
4967
4971
4972
4973
4974
4976
4979
4980
4981
4984
4985
4991
4993
4994
4998
5002
5004
5007
5011
5012
5014
5016
5017
5021
5022
5026
5031
5033
5036
5038
5041
5042
5045
5047
5049
5050
5053
5054
5062
5063
5064
5065
5066
5072
5075
5076
5077
5078
5079
5084
5085
5087
5088
5090
5091
5095
5096
5097
5098
5099
5100
5103
5107
5108
5109
5111
5114
5115
5116
5117
5120
5121
5124
5127
5131
5136
5138
5141
5145
5147
5148
5151
5155
5164
5168
5169
5170
5172
5173
5175
5179
5180
5183
5187
5189
5190
5191
5193
5194
5195
5199
5200
5201
5202
5206
5211
5215
5221
5222
5224
5225
5226
5227
5228
5229
5234
5238
5241
5243
5244
5248
5250
5251
5252
5253
5254
5257
5258
5259
5262
5263
5266
5271
5272
5276
5278
5281
5285
5290
5291
5296
5297
5302
5303
5304
5309
5311
5314
5317
5320
5321
5322
5323
5325
5326
5327
5328
5329
5330
5331
5335
5338
5339
5341
5345
5346
5349
5352
5353
5354
5355
5356
5357
5361
5362
5364
5366
5370
5373
5374
5380
5386
5388
5389
5391
5397
5401
5402
5411
5413
5415
5416
5417
5418
5420
5421
5422
5423
5424
5425
5426
5427
5428
5431
5433
5434
5436
5437
5439
5440
5441
5443
5447
5449
5450
5451
5452
5454
5459
5460
5464
5465
5469
5470
5471
5473
5477
5478
5482
5483
5485
5490
5491
5493
5494
5495
5497
5498
5502
5504
5507
5508
5509
5510
5511
5512
5514
5519
5520
5523
5525
5528
5531
5539
5541
5543
5545
5546
5550
5551
5555
5556
5560
5566
5569
5570
5573
5576
5577
5579
5580
5582
5583
5585
5586
5587
5591
5597
5601
5602
5604
5605
5606
5609
5610
5612
5614
5615
5618
5620
5621
5622
5624
5625
5627
5630
5634
5635
5638
5640
5643
5644
5645
5647
5649
5651
5655
5656
5660
5662
5663
5669
5671
5672
5676
5678
5679
5683
5684
5685
5687
5688
5689
5690
5692
5695
5697
5698
5701
5704
5707
5708
5713
5715
5719
5723
5725
5726
5727
5728
5731
5733
5734
5735
5739
5741
5742
5750
5753
5755
5756
5757
5760
5761
5762
5763
5765
5766
5767
5769
5771
5777
5782
5784
5785
5786
5789
5791
5794
5796
5798
5801
5802
5804
5809
5812
5813
5818
5820
5821
5824
5825
5828
5829
5833
5837
5841
5843
5846
5847
5850
5853
5857
5858
5859
5863
5868
5871
5872
5878
5879
5882
5885
5891
5900
5902
5907
5909
5913
5914
5917
5919
5920
5923
5927
5928
5930
5932
5935
5937
5942
5944
5948
5949
5950
5952
5953
5954
5956
5957
5958
5959
5963
5965
5967
5969
5970
5972
5974
5975
5977
5978
5979
5982
5984
5985
5989
5990
5992
5993
5994
5995
6000
6002
6006
6007
6008
6015
6016
6019
6020
6021
6025
6026
6027
6028
6030
6034
6038
6040
6043
6046
6047
6049
6051
6054
6058
6059
6060
6061
6064
6065
6066
6068
6077
6078
6082
6091
6092
6096
6100
6102
6105
6109
6112
6113
6116
6122
6123
6127
6128
6132
6133
6134
6135
6137
6140
6147
6149
6150
6152
6156
6158
6160
6161
6165
6166
6168
6169
6177
6178
6179
6181
6183
6184
6186
6188
6195
6197
6199
6200
6202
6203
6205
6206
6207
6212
6215
6217
6218
6219
6222
6223
6225
6228
6229
6230
6232
6234
6238
6241
6242
6244
6245
6246
6247
6250
6251
6255
6258
6259
6260
6261
6262
6263
6264
6266
6267
6272
6273
6277
6278
6282
6284
6285
6286
6288
6289
6291
6293
6295
6296
6297
6298
6299
6300
6301
6302
6308
6309
6311
6315
6316
6317
6319
6324
6328
6329
6330
6340
6342
6343
6345
6348
6350
6351
6353
6355
6356
6358
6360
6363
6364
6366
6367
6369
6370
6371
6372
6373
6374
6377
6379
6381
6382
6385
6387
6388
6389
6393
6394
6395
6396
6399
6400
6404
6405
6407
6408
6410
6411
6412
6414
6415
6416
6417
6420
6421
6423
6425
6427
6428
6433
6435
6437
6438
6439
6440
6443
6448
6449
6450
6453
6454
6455
6459
6461
6462
6464
6469
6472
6474
6475
6477
6481
6483
6488
6490
6491
6496
6500
6505
6506
6507
6509
6510
6511
6513
6516
6519
6521
6524
6526
6529
6531
6532
6534
6536
6538
6540
6542
6543
6544
6545
6546
6548
6549
6551
6554
6555
6556
6557
6559
6562
6565
6569
6572
6573
6577
6578
6579
6580
6581
6582
6583
6586
6587
6588
6589
6592
6593
6598
6599
6600
6602
6604
6605
6607
6608
6610
6612
6614
6615
6620
6623
6626
6630
6631
6633
6634
6635
6637
6639
6640
6641
6642
6643
6644
6645
6648
6649
6651
6657
6658
6662
6664
6666
6669
6670
6671
6672
6673
6679
6680
6683
6689
6692
6693
6695
6696
6697
6698
6699
6703
6704
6707
6710
6712
6713
6714
6715
6717
6726
6727
6728
6731
6734
6737
6738
6739
6740
6742
6757
6759
6760
6764
6765
6767
6769
6773
6783
6785
6786
6789
6793
6795
6796
6800
6801
6803
6806
6811
6812
6813
6815
6818
6820
6823
6827
6832
6834
6837
6842
6846
6848
6849
6853
6854
6855
6856
6860
6861
6863
6864
6867
6868
6869
6870
6871
6873
6874
6880
6882
6883
6887
6888
6889
6890
6891
6893
6896
6897
6899
6901
6903
6905
6906
6907
6911
6912
6915
6917
6922
6924
6925
6926
6929
6934
6935
6937
6940
6942
6946
6947
6948
6949
6950
6951
6952
6954
6955
6956
6958
6959
6960
6961
6962
6963
6965
6969
6971
6972
6973
6974
6975
6976
6980
6981
6982
6983
6984
6989
6990
6991
6992
6993
6994
6995
6997
6998
7001
7002
7009
7011
7019
7023
7024
7025
7027
7028
7029
7030
7031
7040
7041
7042
7044
7047
7053
7054
7055
7057
7059
7061
7064
7066
7067
7068
7069
7070
7073
7075
7076
7078
7079
7080
7081
7083
7085
7086
7087
7088
7089
7091
7092
7093
7096
7097
7101
7102
7105
7107
7109
7110
7111
7112
7113
7115
7117
7119
7120
7122
7125
7127
7133
7134
7140
7141
7142
7148
7152
7153
7155
7157
7158
7160
7161
7163
7170
7171
7172
7175
7178
7181
7185
7186
7191
7192
7193
7195
7196
7197
7199
7200
7201
7204
7206
7211
7214
7216
7218
7219
7220
7221
7222
7227
7228
7232
7233
7236
7237
7240
7242
7243
7244
7249
7251
7253
7255
7256
7261
7263
7266
7267
7268
7270
7272
7275
7279
7280
7283
7284
7289
7294
7297
7298
7299
7300
7301
7302
7303
7304
7305
7306
7308
7309
7310
7312
7313
7322
7323
7326
7328
7329
7330
7335
7337
7338
7339
7343
7346
7349
7352
7353
7354
7355
7357
7358
7359
7366
7368
7369
7371
7372
7373
7375
7377
7378
7383
7384
7387
7388
7389
7390
7391
7392
7393
7394
7395
7396
7400
7402
7403
7405
7413
7414
7415
7416
7417
7418
7422
7423
7424
7433
7434
7437
7440
7441
7443
7445
7446
7447
7450
7454
7455
7458
7461
7465
7466
7468
7469
7474
7476
7477
7478
7479
7480
7482
7483
7488
7489
7490
7491
7493
7496
7497
7503
7506
7507
7508
7509
7512
7513
7514
7516
7517
7521
7524
7528
7531
7536
7538
7540
7541
7542
7549
7554
7555
7557
7558
7559
7561
7565
7566
7567
7568
7570
7575
7576
7577
7579
7582
7589
7590
7592
7593
7595
7597
7599
7601
7602
7607
7608
7613
7614
7617
7620
7621
7624
7626
7627
7629
7630
7638
7639
7640
7641
7643
7644
7648
7650
7653
7655
7656
7657
7659
7661
7662
7663
7665
7666
7669
7671
7675
7676
7680
7681
7683
7685
7690
7691
7693
7697
7702
7704
7707
7709
7710
7711
7715
7716
7718
7719
7720
7723
7724
7726
7729
7734
7735
7740
7743
7747
7748
7749
7753
7754
7755
7758
7759
7760
7763
7765
7768
7769
7772
7775
7776
7777
7784
7785
7786
7787
7788
7789
7792
7795
7798
7799
7800
7801
7806
7807
7809
7810
7813
7815
7819
7820
7821
7824
7825
7826
7827
7830
7831
7832
7833
7835
7836
7837
7839
7840
7841
7843
7849
7850
7851
7853
7854
7855
7858
7864
7866
7868
7870
7872
7873
7874
7878
7880
7883
7884
7885
7887
7889
7892
7899
7903
7904
7905
7906
7907
7908
7915
7916
7919
7920
7923
7926
7936
7937
7938
7939
7940
7941
7942
7943
7944
7945
7948
7949
7952
7954
7957
7959
7960
7962
7963
7965
7969
7970
7975
7976
7979
7980
7982
7983
7986
7988
7989
7990
7994
7999
8000
8001
8006
8007
8009
8012
8013
8014
8015
8016
8019
8020
8021
8022
8023
8025
8027
8028
8038
8039
8040
8041
8042
8043
8050
8051
8054
8056
8057
8058
8060
8062
8063
8065
8066
8067
8068
8069
8071
8073
8075
8076
8078
8079
8080
8083
8085
8086
8089
8092
8093
8095
8096
8097
8102
8104
8105
8106
8110
8111
8115
8116
8117
8118
8121
8123
8124
8126
8134
8136
8139
8140
8141
8143
8144
8147
8149
8150
8152
8153
8157
8159
8162
8170
8172
8174
8175
8180
8181
8182
8185
8190
8192
8194
8195
8196
8197
8198
8200
8201
8204
8206
8207
8209
8211
8213
8218
8220
8224
8225
8226
8227
8229
8230
8231
8235
8237
8240
8242
8244
8245
8247
8249
8250
8251
8252
8254
8255
8256
8260
8261
8262
8263
8264
8265
8267
8268
8269
8270
8272
8273
8274
8275
8277
8282
8286
8287
8288
8289
8290
8293
8298
8299
8300
8301
8302
8303
8305
8310
8311
8314
8316
8320
8321
8323
8326
8327
8328
8329
8334
8336
8337
8339
8341
8345
8346
8347
8348
8349
8350
8353
8355
8357
8359
8362
8365
8367
8369
8370
8373
8374
8376
8378
8380
8382
8383
8385
8390
8391
8392
8394
8395
8398
8400
8403
8404
8405
8408
8409
8410
8416
8419
8421
8424
8426
8427
8430
8431
8433
8436
8441
8442
8444
8445
8448
8452
8458
8462
8463
8466
8467
8469
8470
8472
8476
8478
8479
8481
8482
8483
8484
8489
8494
8498
8502
8503
8504
8506
8510
8512
8513
8515
8516
8518
8519
8520
8521
8523
8524
8525
8526
8527
8528
8531
8532
8533
8542
8544
8545
8546
8548
8550
8552
8555
8556
8557
8559
8563
8564
8565
8566
8568
8569
8571
8572
8573
8574
8579
8581
8585
8586
8588
8589
8591
8593
8595
8597
8598
8599
8600
8604
8606
8609
8610
8611
8612
8613
8614
8615
8616
8619
8620
8621
8623
8625
8626
8630
8631
8633
8636
8637
8641
8642
8643
8644
8649
8650
8651
8654
8656
8659
8661
8662
8663
8665
8666
8669
8673
8675
8676
8679
8680
8681
8683
8684
8685
8686
8688
8689
8693
8694
8695
8698
8700
8701
8703
8707
8708
8709
8717
8719
8720
8723
8724
8727
8729
8730
8731
8738
8739
8741
8743
8746
8748
8750
8753
8756
8758
8761
8764
8766
8767
8770
8771
8773
8774
8776
8781
8782
8783
8786
8787
8788
8791
8792
8797
8800
8801
8803
8806
8807
8808
8810
8812
8815
8816
8818
8819
8821
8827
8830
8831
8832
8833
8835
8840
8845
8848
8849
8850
8851
8852
8853
8858
8859
8865
8866
8868
8874
8876
8877
8881
8883
8884
8885
8886
8887
8888
8892
8895
8897
8898
8900
8902
8903
8908
8914
8915
8917
8919
8920
8922
8924
8925
8926
8927
8928
8929
8932
8935
8938
8945
8946
8949
8953
8955
8956
8958
8960
8964
8966
8969
8971
8972
8974
8975
8976
8977
8984
8989
8991
8993
8994
8996
8997
9002
9003
9007
9008
9010
9013
9020
9021
9025
9027
9030
9034
9036
9038
9041
9043
9046
9048
9049
9050
9051
9053
9054
9057
9059
9060
9061
9062
9065
9066
9068
9070
9071
9072
9076
9077
9080
9081
9082
9083
9087
9088
9090
9092
9093
9094
9095
9099
9100
9102
9105
9107
9108
9109
9110
9113
9114
9115
9116
9117
9119
9120
9123
9124
9125
9128
9129
9130
9132
9134
9135
9137
9139
9141
9142
9143
9150
9151
9155
9156
9157
9158
9159
9161
9162
9163
9164
9167
9172
9173
9174
9177
9180
9181
9182
9183
9184
9186
9187
9188
9191
9192
9193
9195
9201
9203
9206
9208
9209
9211
9217
9218
9219
9221
9223
9229
9233
9234
9236
9237
9238
9241
9242
9243
9244
9246
9247
9248
9251
9252
9254
9255
9266
9268
9270
9271
9272
9275
9277
9280
9281
9282
9284
9292
9293
9294
9296
9301
9302
9303
9308
9309
9311
9314
9315
9317
9318
9320
9322
9324
9333
9336
9339
9340
9341
9343
9344
9345
9347
9348
9353
9355
9356
9358
9359
9360
9361
9362
9363
9366
9369
9370
9371
9373
9375
9377
9378
9380
9383
9389
9393
9394
9396
9400
9401
9402
9406
9407
9408
9412
9414
9415
9416
9417
9424
9425
9427
9428
9429
9430
9435
9439
9442
9444
9446
9448
9451
9454
9458
9463
9465
9467
9468
9472
9474
9477
9482
9483
9485
9486
9487
9488
9490
9493
9494
9495
9499
9502
9503
9506
9507
9508
9509
9510
9512
9515
9516
9517
9524
9526
9527
9529
9530
9537
9538
9540
9544
9550
9553
9555
9556
9559
9560
9561
9563
9569
9574
9575
9576
9577
9578
9579
9580
9582
9583
9585
9587
9588
9589
9590
9591
9593
9595
9596
9602
9606
9607
9608
9612
9613
9615
9616
9620
9621
9622
9627
9633
9636
9637
9647
9648
9650
9653
9656
9659
9664
9666
9669
9672
9674
9675
9676
9677
9680
9684
9685
9688
9690
9693
9695
9696
9697
9698
9701
9704
9705
9706
9713
9714
9715
9717
9718
9719
9720
9722
9723
9728
9729
9735
9736
9737
9739
9740
9743
9744
9745
9747
9749
9750
9751
9760
9763
9766
9767
9768
9769
9771
9772
9775
9777
9781
9788
9797
9798
9801
9802
9803
9805
9809
9811
9814
9816
9818
9821
9826
9828
9829
9831
9833
9834
9836
9837
9839
9841
9843
9844
9846
9853
9854
9856
9857
9859
9865
9866
9867
9868
9869
9870
9871
9873
9876
9879
9881
9885
9887
9889
9893
9894
9898
9899
9900
9901
9902
9905
9908
9910
9912
9913
9915
9916
9917
9918
9919
9921
9925
9927
9928
9932
9933
9936
9940
9941
9944
9949
9950
9953
9955
9959
9960
9968
9970
9975
9976
9978
9979
9980
9982
9985
9986
9989
9992
9994
9995
9997
9999
Case #3:
0
2
4
5
7
8
13
14
19
20
23
25
27
28
31
34
36
38
41
46
49
51
58
59
61
63
64
66
70
72
73
75
76
77
78
80
81
82
83
86
90
91
92
95
97
98
100
101
106
107
110
111
113
116
117
119
120
121
124
126
127
128
129
130
132
133
138
142
145
151
152
154
155
156
157
162
163
164
165
166
167
168
170
171
174
176
177
179
180
184
186
188
191
193
195
196
197
198
200
202
204
208
212
219
225
226
227
230
232
239
242
243
244
245
246
247
248
249
250
251
253
254
258
259
260
265
268
269
270
271
272
274
276
279
281
287
288
289
292
293
294
295
297
298
299
303
307
312
313
316
318
320
321
325
326
328
330
331
333
334
336
338
339
342
344
345
348
349
357
359
360
361
363
366
367
373
375
378
380
381
382
383
385
386
389
390
391
393
395
396
397
399
401
404
407
408
409
412
415
416
417
418
420
422
423
424
427
428
429
431
436
438
440
446
447
450
451
453
456
457
461
467
470
471
473
477
478
481
482
485
487
489
490
492
493
495
496
499
500
501
502
505
513
514
516
517
519
524
526
527
529
533
534
538
539
540
541
542
544
550
551
553
554
558
561
563
564
565
567
571
574
575
577
578
582
589
591
592
593
596
598
599
606
608
611
612
614
615
616
618
619
620
622
625
627
636
641
642
643
645
647
648
649
653
654
656
657
658
660
661
663
664
666
668
670
671
672
674
677
681
682
683
687
688
691
692
696
701
703
705
706
707
709
711
713
715
716
717
720
722
733
734
744
751
755
760
761
765
775
776
778
779
788
792
795
796
797
798
799
800
801
802
806
807
808
809
812
815
816
818
821
823
824
825
829
831
832
833
834
835
837
839
842
843
847
849
850
851
855
856
857
858
861
863
864
868
871
873
875
876
880
882
883
885
887
889
891
892
897
899
900
906
907
909
910
911
912
915
922
923
924
926
927
928
929
930
933
937
938
940
941
944
947
948
951
952
953
957
958
962
965
968
972
976
980
982
984
985
987
989
990
994
997
999
1000
1002
1004
1005
1009
1010
1011
1012
1013
1014
1017
1018
1021
1024
1025
1027
1032
1033
1034
1036
1039
1040
1044
1045
1047
1050
1052
1053
1054
1056
1057
1063
1065
1066
1067
1068
1069
1072
1076
1077
1078
1079
1082
1084
1092
1093
1094
1100
1105
1107
1109
1111
1113
1114
1117
1118
1121
1123
1125
1127
1128
1130
1133
1138
1140
1141
1142
1149
1152
1154
1155
1156
1157
1160
1161
1163
1164
1167
1171
1172
1173
1174
1175
1180
1184
1185
1190
1191
1193
1195
1197
1200
1206
1208
1209
1212
1214
1215
1216
1217
1218
1219
1226
1228
1229
1237
1239
1240
1243
1247
1248
1249
1251
1254
1259
1262
1264
1265
1267
1271
1273
1276
1278
1281
1284
1285
1287
1293
1295
1301
1307
1308
1309
1310
1311
1313
1314
1315
1316
1317
1319
1320
1322
1323
1324
1325
1326
1327
1328
1329
1330
1331
1333
1334
1337
1338
1339
1341
1345
1346
1347
1349
1351
1352
1353
1360
1363
1365
1369
1370
1373
1375
1377
1381
1382
1383
1385
1386
1387
1392
1393
1394
1395
1397
1398
1399
1400
1402
1403
1404
1407
1408
1409
1410
1414
1416
1417
1418
1420
1424
1426
1427
1428
1435
1439
1440
1441
1442
1443
1444
1445
1447
1449
1450
1451
1452
1457
1459
1473
1474
1475
1477
1480
1486
1488
1489
1490
1491
1492
1493
1496
1508
1510
1513
1515
1516
1517
1524
1527
1530
1532
1533
1534
1535
1537
1538
1539
1540
1542
1544
1548
1549
1550
1552
1553
1556
1558
1559
1562
1563
1564
1568
1570
1571
1573
1574
1576
1577
1581
1583
1587
1589
1591
1597
1598
1600
1601
1602
1603
1606
1607
1608
1610
1612
1614
1616
1617
1618
1620
1623
1628
1632
1633
1635
1636
1637
1639
1640
1641
1642
1643
1644
1646
1650
1651
1653
1656
1658
1659
1661
1662
1663
1664
1665
1668
1670
1674
1675
1676
1678
1679
1680
1683
1684
1687
1689
1691
1693
1695
1696
1697
1700
1701
1703
1706
1707
1711
1712
1714
1717
1718
1721
1722
1724
1728
1732
1735
1737
1739
1740
1745
1746
1750
1754
1755
1757
1758
1759
1760
1761
1764
1768
1770
1772
1773
1774
1775
1776
1779
1781
1784
1785
1786
1790
1791
1792
1793
1794
1795
1796
1797
1798
1802
1803
1804
1812
1814
1815
1816
1818
1819
1820
1825
1826
1827
1828
1831
1833
1836
1839
1842
1846
1847
1848
1852
1855
1859
1863
1864
1866
1869
1870
1871
1873
1876
1877
1883
1884
1885
1887
1888
1891
1892
1897
1898
1900
1903
1904
1906
1907
1908
1909
1910
1911
1915
1919
1920
1922
1928
1929
1934
1935
1937
1942
1946
1947
1949
1950
1951
1952
1954
1955
1958
1960
1963
1966
1967
1968
1969
1970
1971
1972
1975
1977
1979
1980
1981
1989
1991
1992
1993
1994
1996
1998
2000
2002
2003
2007
2008
2009
2018
2020
2021
2023
2025
2026
2027
2033
2034
2035
2039
2040
2042
2043
2047
2049
2053
2055
2057
2064
2066
2067
2068
2069
2070
2072
2078
2079
2080
2082
2083
2085
2088
2089
2091
2092
2094
2096
2097
2098
2099
2102
2104
2105
2107
2108
2109
2112
2115
2116
2120
2121
2122
2125
2127
2135
2136
2139
2140
2141
2142
2143
2145
2147
2150
2151
2153
2163
2165
2169
2170
2171
2172
2178
2180
2181
2182
2183
2185
2194
2195
2196
2198
2200
2206
2211
2212
2214
2215
2216
2217
2218
2219
2220
2221
2222
2223
2225
2227
2228
2229
2231
2232
2234
2239
2240
2241
2244
2245
2249
2251
2252
2255
2256
2257
2259
2260
2261
2264
2265
2269
2270
2271
2273
2274
2275
2276
2277
2278
2279
2280
2281
2282
2284
2286
2287
2288
2289
2294
2296
2297
2299
2301
2306
2307
2308
2309
2310
2317
2318
2319
2320
2321
2323
2324
2325
2326
2329
2331
2334
2335
2337
2341
2344
2345
2347
2350
2351
2353
2354
2355
2362
2365
2366
2367
2370
2372
2373
2375
2377
2381
2383
2385
2390
2395
2396
2399
2401
2402
2403
2408
2409
2411
2415
2417
2418
2420
2424
2426
2433
2436
2438
2440
2441
2448
2451
2452
2454
2459
2460
2462
2463
2465
2466
2467
2469
2471
2474
2480
2482
2487
2491
2492
2493
2495
2496
2497
2499
2503
2506
2507
2510
2511
2514
2515
2517
2522
2523
2524
2525
2530
2531
2532
2535
2537
2540
2541
2544
2545
2546
2547
2548
2549
2550
2551
2552
2558
2562
2563
2565
2566
2569
2570
2572
2573
2577
2579
2581
2587
2590
2591
2592
2595
2596
2597
2600
2601
2608
2611
2616
2617
2618
2619
2621
2623
2624
2625
2626
2627
2630
2631
2632
2633
2634
2635
2636
2642
2645
2647
2650
2652
2653
2654
2659
2664
2666
2669
2672
2673
2674
2677
2678
2679
2680
2682
2685
2686
2688
2690
2691
2692
2694
2698
2701
2704
2705
2707
2708
2709
2714
2716
2722
2723
2725
2727
2729
2735
2738
2739
2741
2744
2751
2756
2759
2760
2762
2764
2766
2767
2773
2775
2780
2782
2787
2792
2797
2801
2802
2809
2811
2819
2822
2825
2828
2829
2830
2836
2838
2839
2843
2845
2847
2848
2853
2855
2858
2860
2862
2863
2865
2868
2869
2870
2871
2872
2875
2876
2882
2883
2885
2887
2889
2891
2893
2894
2897
2902
2903
2905
2909
2910
2912
2914
2915
2917
2920
2922
2923
2926
2928
2929
2931
2933
2937
2938
2942
2943
2944
2947
2949
2950
2951
2952
2955
2956
2957
2958
2960
2961
2963
2966
2968
2970
2971
2972
2974
2977
2978
2982
2985
2986
2987
2988
2992
2995
2997
2998
3002
3003
3006
3010
3013
3017
3019
3026
3028
3029
3030
3031
3032
3037
3038
3040
3042
3043
3044
3048
3050
3053
3054
3056
3059
3060
3061
3063
3064
3065
3066
3067
3073
3074
3077
3079
3081
3083
3084
3085
3090
3091
3092
3096
3097
3098
3099
3100
3101
3102
3103
3105
3106
3107
3109
3112
3114
3116
3117
3119
3120
3127
3128
3129
3131
3132
3134
3135
3137
3139
3141
3142
3143
3144
3145
3146
3147
3151
3154
3161
3162
3163
3166
3168
3169
3173
3174
3177
3178
3180
3181
3182
3183
3184
3186
3187
3192
3193
3194
3195
3196
3199
3201
3202
3204
3207
3208
3209
3213
3214
3215
3219
3222
3224
3225
3226
3227
3228
3231
3232
3233
3235
3236
3239
3242
3245
3248
3250
3252
3253
3257
3258
3259
3260
3261
3262
3263
3265
3268
3269
3270
3271
3272
3276
3278
3279
3281
3282
3283
3285
3289
3290
3291
3292
3294
3295
3296
3297
3298
3299
3304
3306
3309
3310
3311
3316
3319
3321
3322
3323
3327
3328
3333
3335
3336
3337
3341
3342
3345
3347
3350
3357
3358
3359
3360
3362
3364
3365
3366
3368
3369
3371
3372
3373
3375
3376
3379
3380
3381
3382
3383
3384
3386
3387
3388
3390
3391
3394
3395
3399
3403
3407
3408
3413
3414
3415
3416
3418
3422
3423
3428
3430
3431
3432
3434
3435
3439
3442
3444
3449
3451
3452
3455
3459
3460
3461
3464
3466
3469
3470
3471
3472
3473
3474
3476
3477
3482
3483
3485
3486
3487
3488
3489
3493
3496
3497
3502
3503
3506
3509
3513
3517
3518
3519
3524
3533
3535
3537
3540
3543
3544
3546
3547
3548
3549
3550
3551
3552
3553
3556
3559
3560
3561
3563
3566
3568
3573
3574
3576
3577
3578
3579
3583
3584
3586
3587
3588
3589
3594
3595
3598
3603
3604
3606
3610
3611
3612
3617
3618
3619
3622
3623
3627
3628
3629
3630
3632
3633
3636
3637
3638
3642
3643
3645
3646
3647
3649
3651
3652
3655
3659
3660
3661
3662
3663
3664
3666
3668
3671
3672
3675
3677
3681
3682
3683
3684
3685
3686
3687
3689
3690
3691
3692
3696
3697
3702
3703
3705
3708
3709
3711
3714
3715
3716
3719
3720
3721
3724
3727
3728
3729
3730
3731
3733
3737
3739
3741
3742
3746
3749
3750
3751
3752
3753
3756
3758
3759
3761
3765
3769
3773
3775
3777
3778
3781
3783
3788
3789
3793
3797
3798
3801
3806
3807
3808
3812
3814
3816
3817
3820
3823
3825
3827
3829
3830
3837
3838
3841
3843
3845
3846
3848
3849
3853
3854
3857
3858
3861
3864
3867
3868
3869
3870
3873
3874
3876
3880
3881
3883
3885
3888
3889
3891
3895
3898
3899
3902
3905
3907
3908
3909
3910
3911
3913
3919
3922
3925
3928
3929
3930
3931
3932
3935
3936
3939
3941
3943
3947
3948
3949
3951
3952
3953
3955
3957
3958
3962
3964
3965
3966
3970
3971
3972
3973
3974
3978
3979
3981
3983
3984
3985
3986
3987
3988
3990
3991
3992
3993
3994
4000
4004
4005
4007
4008
4009
4011
4012
4014
4019
4021
4023
4026
4030
4033
4035
4037
4040
4042
4043
4046
4049
4050
4053
4056
4057
4060
4061
4063
4065
4066
4072
4073
4075
4076
4077
4078
4079
4082
4085
4087
4088
4089
4095
4097
4098
4099
4100
4101
4107
4108
4109
4116
4117
4118
4121
4122
4125
4126
4127
4129
4130
4131
4133
4134
4135
4136
4137
4141
4143
4144
4145
4150
4158
4159
4160
4163
4164
4165
4168
4169
4170
4173
4174
4175
4178
4185
4187
4188
4194
4199
4200
4201
4202
4203
4204
4207
4209
4214
4216
4217
4220
4224
4231
4233
4235
4236
4239
4240
4242
4243
4244
4250
4251
4253
4254
4255
4256
4257
4259
4264
4266
4269
4270
4273
4274
4275
4276
4277
4278
4279
4280
4282
4286
4287
4290
4293
4297
4304
4306
4308
4309
4311
4312
4313
4314
4315
4316
4318
4319
4322
4323
4324
4325
4326
4327
4329
4331
4332
4334
4337
4338
4341
4342
4343
4346
4347
4350
4351
4355
4357
4358
4361
4362
4364
4365
4369
4373
4374
4376
4379
4381
4384
4387
4388
4389
4393
4395
4398
4406
4407
4409
4410
4411
4413
4414
4415
4417
4418
4419
4422
4425
4427
4429
4430
4432
4435
4442
4444
4445
4447
4449
4450
4451
4454
4457
4458
4460
4461
4464
4466
4467
4470
4473
4474
4477
4478
4482
4484
4485
4487
4490
4491
4492
4493
4494
4496
4497
4498
4499
4500
4504
4505
4507
4509
4513
4515
4519
4521
4523
4526
4527
4528
4532
4533
4544
4545
4546
4549
4550
4551
4553
4556
4558
4562
4563
4564
4565
4567
4570
4573
4575
4576
4577
4578
4585
4587
4588
4589
4593
4594
4595
4597
4598
4600
4603
4606
4608
4610
4611
4612
4614
4615
4617
4619
4620
4622
4623
4625
4629
4633
4634
4636
4638
4640
4644
4646
4647
4649
4650
4654
4655
4656
4658
4660
4663
4664
4665
4666
4670
4671
4674
4675
4679
4680
4685
4686
4688
4691
4695
4696
4699
4700
4701
4703
4704
4705
4707
4708
4709
4710
4711
4712
4713
4717
4722
4725
4727
4728
4730
4732
4733
4734
4735
4736
4740
4741
4742
4743
4746
4747
4748
4749
4750
4751
4752
4755
4756
4759
4761
4762
4763
4764
4765
4768
4769
4774
4775
4779
4780
4781
4782
4784
4785
4786
4788
4790
4791
4792
4793
4797
4799
4801
4802
4804
4805
4806
4807
4808
4809
4811
4813
4814
4815
4817
4819
4820
4821
4825
4826
4829
4830
4833
4835
4839
4840
4841
4847
4848
4849
4852
4853
4855
4857
4860
4863
4866
4875
4879
4880
4882
4884
4886
4887
4888
4889
4890
4892
4893
4895
4897
4903
4907
4911
4914
4918
4919
4921
4928
4930
4931
4933
4935
4942
4943
4946
4949
4952
4954
4959
4961
4963
4965
4967
4970
4974
4975
4978
4981
4982
4984
4991
4993
4995
4999
5001
5002
5004
5006
5007
5009
5010
5011
5014
5016
5017
5018
5019
5023
5024
5027
5032
5034
5038
5039
5040
5041
5044
5045
5049
5050
5051
5052
5054
5056
5057
5058
5059
5063
5068
5069
5070
5071
5073
5074
5077
5084
5085
5090
5093
5100
5102
5104
5108
5111
5112
5114
5116
5121
5124
5127
5130
5139
5142
5143
5144
5146
5149
5151
5152
5153
5156
5158
5160
5161
5163
5164
5166
5169
5170
5175
5176
5177
5178
5179
5180
5184
5188
5189
5194
5197
5201
5202
5205
5206
5207
5209
5211
5212
5214
5216
5217
5220
5221
5223
5224
5225
5226
5229
5231
5232
5233
5234
5235
5237
5239
5243
5244
5246
5248
5249
5252
5256
5257
5260
5262
5266
5268
5269
5270
5271
5272
5277
5279
5280
5283
5286
5289
5293
5296
5297
5305
5309
5310
5311
5312
5313
5314
5316
5319
5322
5324
5328
5330
5336
5339
5340
5342
5343
5344
5346
5347
5349
5352
5353
5356
5359
5360
5362
5363
5365
5367
5368
5371
5373
5376
5377
5378
5381
5383
5385
5386
5388
5389
5390
5392
5395
5396
5401
5402
5403
5405
5406
5412
5414
5415
5416
5418
5419
5423
5425
5426
5427
5428
5429
5434
5435
5436
5438
5441
5443
5444
5445
5447
5453
5454
5455
5465
5466
5467
5468
5471
5475
5477
5480
5483
5484
5485
5489
5490
5493
5495
5496
5501
5504
5506
5507
5508
5509
5510
5512
5513
5516
5518
5519
5520
5522
5523
5524
5525
5528
5529
5530
5533
5535
5536
5537
5538
5539
5542
5543
5545
5546
5547
5551
5553
5555
5557
5561
5566
5568
5570
5571
5572
5575
5577
5582
5584
5587
5588
5589
5590
5591
5593
5594
5595
5596
5598
5600
5602
5605
5606
5608
5611
5612
5614
5618
5619
5620
5621
5623
5628
5629
5632
5636
5637
5642
5643
5644
5645
5646
5647
5648
5649
5656
5660
5661
5662
5663
5664
5665
5668
5669
5674
5675
5676
5680
5687
5691
5692
5693
5697
5698
5700
5703
5706
5709
5714
5716
5717
5719
5723
5724
5725
5727
5729
5730
5732
5734
5735
5738
5740
5743
5744
5748
5750
5751
5753
5754
5755
5757
5759
5761
5763
5764
5765
5767
5768
5771
5775
5778
5782
5784
5786
5791
5792
5793
5795
5796
5797
5800
5802
5803
5807
5809
5810
5811
5812
5814
5816
5817
5819
5820
5821
5824
5825
5835
5838
5840
5842
5844
5845
5847
5849
5851
5854
5855
5856
5857
5858
5859
5863
5866
5871
5874
5878
5880
5881
5883
5884
5885
5886
5887
5891
5893
5894
5896
5901
5902
5904
5909
5910
5914
5918
5919
5921
5923
5925
5928
5932
5933
5939
5941
5942
5945
5947
5948
5949
5952
5955
5958
5959
5961
5962
5964
5967
5968
5969
5970
5971
5975
5976
5979
5982
5983
5985
5988
5992
5993
6000
6001
6002
6004
6006
6007
6008
6009
6011
6012
6013
6015
6016
6017
6020
6024
6026
6027
6028
6029
6033
6035
6042
6043
6046
6047
6048
6049
6050
6052
6057
6059
6060
6061
6064
6067
6070
6072
6073
6075
6076
6077
6081
6083
6084
6086
6090
6092
6093
6094
6097
6100
6101
6106
6107
6108
6109
6110
6111
6112
6113
6117
6120
6123
6124
6125
6126
6127
6129
6130
6132
6135
6138
6140
6142
6146
6149
6151
6152
6155
6157
6160
6161
6165
6166
6172
6174
6175
6178
6179
6180
6181
6183
6184
6187
6191
6194
6196
6198
6200
6201
6204
6206
6207
6210
6211
6212
6213
6220
6222
6223
6229
6231
6233
6234
6236
6238
6239
6242
6243
6245
6251
6253
6256
6259
6260
6261
6262
6268
6269
6270
6271
6274
6277
6280
6282
6283
6284
6285
6286
6290
6291
6292
6294
6295
6296
6297
6298
6300
6301
6302
6303
6304
6306
6307
6308
6309
6310
6312
6314
6317
6320
6321
6322
6325
6326
6327
6329
6330
6331
6335
6336
6337
6338
6342
6343
6344
6346
6347
6348
6349
6350
6352
6355
6356
6360
6361
6362
6363
6364
6368
6369
6370
6374
6375
6377
6381
6383
6384
6385
6387
6388
6390
6392
6394
6395
6398
6400
6403
6405
6407
6410
6411
6412
6413
6417
6418
6419
6420
6422
6423
6424
6427
6429
6430
6433
6436
6438
6439
6443
6445
6446
6451
6452
6453
6461
6462
6464
6465
6468
6470
6471
6477
6478
6481
6485
6488
6491
6493
6494
6495
6498
6499
6507
6512
6513
6515
6517
6519
6522
6523
6529
6534
6539
6542
6543
6544
6547
6548
6552
6555
6558
6561
6562
6565
6567
6572
6573
6574
6576
6581
6582
6583
6584
6585
6587
6591
6592
6594
6595
6602
6603
6607
6608
6612
6613
6614
6617
6618
6619
6620
6622
6623
6629
6630
6631
6632
6633
6635
6638
6639
6641
6643
6645
6646
6648
6649
6650
6652
6654
6655
6658
6659
6660
6661
6665
6666
6668
6669
6670
6673
6674
6676
6677
6681
6683
6687
6689
6691
6693
6694
6697
6699
6701
6702
6704
6705
6714
6717
6718
6721
6722
6723
6725
6726
6731
6732
6733
6734
6744
6745
6747
6749
6751
6752
6753
6755
6757
6759
6760
6763
6764
6765
6766
6767
6768
6773
6775
6777
6778
6779
6781
6783
6786
6787
6788
6789
6791
6792
6796
6799
6800
6801
6802
6805
6806
6810
6811
6812
6813
6816
6817
6818
6819
6823
6824
6828
6830
6831
6832
6834
6835
6840
6841
6842
6844
6848
6850
6853
6854
6855
6856
6857
6859
6863
6865
6866
6868
6869
6874
6875
6880
6881
6882
6883
6884
6885
6886
6889
6890
6893
6897
6901
6904
6905
6907
6908
6912
6914
6916
6918
6919
6920
6928
6929
6931
6933
6934
6935
6937
6939
6940
6942
6943
6945
6947
6950
6951
6952
6953
6954
6955
6956
6957
6958
6962
6964
6966
6967
6969
6970
6971
6976
6979
6981
6983
6985
6987
6990
6991
6994
6995
6997
7001
7006
7007
7009
7011
7016
7017
7018
7020
7022
7023
7028
7030
7033
7037
7038
7042
7045
7049
7051
7052
7053
7055
7059
7060
7061
7062
7063
7065
7066
7067
7068
7070
7071
7078
7081
7083
7086
7087
7088
7089
7093
7094
7096
7101
7102
7103
7104
7105
7107
7109
7114
7118
7119
7120
7122
7123
7124
7126
7129
7131
7135
7136
7138
7139
7140
7141
7142
7143
7144
7145
7146
7147
7148
7150
7151
7159
7160
7161
7163
7164
7169
7171
7173
7175
7177
7178
7182
7185
7187
7188
7189
7190
7193
7194
7195
7198
7200
7201
7204
7206
7207
7210
7215
7217
7219
7221
7224
7225
7226
7227
7228
7230
7231
7233
7234
7235
7240
7243
7248
7249
7251
7255
7256
7259
7260
7263
7264
7265
7267
7268
7270
7272
7273
7275
7278
7279
7280
7281
7282
7284
7286
7287
7288
7294
7295
7296
7298
7300
7302
7305
7306
7308
7310
7311
7314
7315
7316
7325
7327
7329
7331
7332
7333
7334
7335
7338
7339
7340
7341
7343
7344
7345
7349
7352
7354
7356
7357
7358
7359
7361
7362
7363
7366
7368
7372
7373
7374
7377
7378
7385
7389
7390
7392
7395
7396
7397
7400
7403
7405
7409
7411
7412
7413
7414
7417
7419
7421
7422
7423
7425
7426
7427
7429
7430
7432
7433
7434
7435
7437
7442
7444
7448
7450
7452
7454
7455
7460
7461
7465
7470
7471
7474
7476
7477
7480
7481
7484
7487
7498
7502
7503
7507
7508
7509
7514
7515
7517
7518
7519
7520
7521
7522
7523
7524
7525
7527
7529
7533
7534
7535
7538
7539
7540
7541
7543
7544
7545
7546
7550
7551
7552
7554
7556
7557
7559
7563
7564
7565
7567
7569
7571
7574
7575
7581
7582
7583
7584
7586
7589
7591
7592
7595
7596
7597
7599
7601
7602
7603
7609
7614
7615
7618
7621
7622
7623
7624
7627
7628
7629
7631
7633
7635
7636
7638
7639
7642
7646
7648
7649
7651
7657
7659
7661
7665
7666
7669
7671
7672
7673
7674
7675
7676
7677
7678
7689
7690
7691
7692
7693
7697
7699
7703
7705
7710
7713
7714
7716
7717
7719
7720
7721
7727
7732
7735
7736
7738
7744
7745
7750
7752
7758
7761
7762
7763
7764
7765
7769
7772
7773
7777
7778
7779
7780
7782
7783
7785
7786
7787
7788
7790
7792
7794
7796
7799
7800
7801
7802
7803
7805
7806
7812
7813
7814
7815
7816
7823
7826
7829
7830
7831
7836
7838
7841
7843
7845
7847
7848
7849
7851
7852
7857
7861
7863
7864
7866
7871
7872
7876
7877
7878
7880
7881
7882
7885
7890
7891
7892
7893
7896
7897
7898
7901
7902
7905
7906
7907
7908
7909
7913
7916
7917
7918
7919
7920
7924
7926
7933
7934
7936
7938
7941
7944
7946
7948
7950
7951
7955
7957
7969
7971
7972
7974
7979
7981
7982
7984
7986
7988
7989
7992
7993
7994
7996
7997
7998
8001
8002
8003
8007
8008
8009
8011
8012
8013
8017
8019
8021
8023
8025
8027
8029
8031
8038
8039
8040
8041
8042
8045
8046
8049
8051
8058
8060
8062
8067
8071
8072
8073
8075
8077
8078
8079
8080
8081
8083
8086
8089
8092
8097
8098
8100
8101
8102
8104
8105
8106
8107
8111
8116
8117
8125
8129
8131
8134
8135
8136
8138
8141
8142
8145
8147
8150
8151
8152
8153
8154
8155
8157
8162
8169
8171
8173
8174
8178
8181
8182
8183
8186
8188
8189
8190
8191
8192
8196
8199
8200
8203
8204
8207
8209
8210
8213
8216
8217
8219
8221
8223
8226
8227
8229
8231
8232
8233
8234
8236
8237
8238
8239
8241
8242
8247
8249
8253
8256
8257
8258
8260
8262
8264
8266
8268
8270
8272
8275
8277
8278
8281
8282
8285
8286
8291
8293
8295
8297
8298
8299
8300
8302
8303
8304
8307
8308
8309
8310
8311
8312
8314
8315
8316
8318
8320
8321
8322
8323
8324
8326
8332
8334
8337
8338
8339
8340
8344
8345
8349
8351
8355
8357
8361
8363
8364
8365
8366
8367
8371
8374
8375
8376
8377
8379
8383
8385
8392
8396
8398
8399
8401
8402
8403
8404
8407
8408
8411
8412
8413
8415
8418
8421
8422
8424
8431
8432
8433
8435
8436
8437
8439
8440
8444
8447
8449
8451
8452
8453
8454
8456
8457
8458
8460
8461
8463
8467
8468
8471
8473
8474
8476
8477
8478
8480
8481
8482
8484
8488
8489
8491
8496
8502
8504
8505
8507
8510
8511
8512
8514
8519
8520
8524
8532
8534
8536
8537
8538
8539
8540
8542
8543
8546
8549
8552
8556
8559
8560
8561
8564
8565
8570
8574
8575
8576
8578
8580
8581
8582
8585
8586
8587
8589
8594
8595
8596
8597
8598
8600
8601
8604
8605
8608
8613
8616
8617
8618
8619
8620
8621
8623
8626
8627
8632
8633
8635
8637
8638
8639
8640
8641
8642
8643
8644
8646
8648
8650
8653
8657
8658
8660
8661
8663
8667
8668
8669
8671
8672
8679
8681
8686
8692
8693
8694
8695
8696
8697
8699
8700
8701
8704
8707
8711
8712
8714
8715
8718
8719
8721
8723
8725
8728
8729
8730
8733
8735
8736
8742
8743
8744
8747
8750
8753
8754
8755
8758
8759
8760
8762
8763
8764
8765
8768
8771
8773
8775
8778
8780
8782
8784
8786
8787
8790
8791
8795
8798
8799
8802
8803
8804
8805
8807
8809
8811
8812
8814
8816
8821
8822
8824
8826
8827
8829
8832
8839
8842
8843
8844
8848
8851
8861
8862
8863
8864
8873
8874
8877
8878
8888
8889
8894
8895
8896
8897
8898
8899
8900
8901
8902
8903
8905
8917
8925
8926
8928
8929
8930
8933
8935
8938
8941
8945
8951
8952
8954
8955
8957
8958
8959
8961
8962
8965
8966
8973
8974
8977
8981
8982
8983
8984
8985
8987
8989
8992
8995
8996
8998
8999
9001
9009
9010
9014
9015
9016
9018
9019
9021
9022
9023
9024
9027
9029
9034
9035
9036
9038
9044
9049
9053
9054
9056
9058
9059
9061
9065
9066
9067
9069
9070
9071
9072
9074
9077
9078
9081
9083
9085
9086
9090
9092
9093
9095
9098
9099
9100
9105
9106
9108
9111
9112
9115
9116
9117
9118
9119
9120
9121
9122
9123
9127
9129
9131
9134
9136
9138
9141
9143
9146
9147
9150
9151
9152
9157
9158
9161
9162
9164
9165
9166
9168
9170
9172
9173
9174
9175
9176
9178
9180
9182
9187
9189
9190
9191
9193
9194
9195
9199
9201
9202
9205
9206
9207
9208
9210
9214
9215
9216
9217
9220
9221
9222
9223
9226
9228
9229
9231
9233
9234
9237
9238
9240
9245
9246
9248
9249
9253
9255
9256
9258
9260
9261
9263
9264
9265
9266
9267
9269
9270
9272
9276
9277
9284
9286
9289
9290
9292
9293
9294
9295
9298
9299
9302
9303
9305
9306
9309
9312
9313
9316
9318
9319
9320
9322
9323
9324
9325
9326
9327
9333
9334
9335
9337
9338
9341
9345
9347
9348
9349
9350
9352
9354
9356
9359
9362
9363
9365
9369
9370
9373
9375
9377
9379
9381
9382
9385
9387
9388
9390
9392
9393
9394
9395
9396
9397
9398
9399
9406
9408
9412
9413
9415
9418
9420
9425
9426
9430
9432
9433
9435
9438
9439
9441
9442
9443
9444
9445
9446
9447
9450
9451
9453
9454
9463
9464
9465
9467
9468
9470
9471
9472
9477
9480
9481
9482
9484
9487
9494
9496
9498
9502
9504
9507
9508
9511
9520
9523
9524
9526
9528
9529
9530
9531
9532
9534
9538
9542
9545
9546
9551
9553
9555
9556
9560
9561
9564
9565
9566
9568
9572
9573
9575
9582
9584
9587
9590
9591
9592
9593
9594
9595
9596
9600
9604
9605
9606
9608
9609
9611
9614
9615
9617
9620
9622
9624
9626
9628
9629
9630
9633
9635
9637
9638
9639
9643
9648
9649
9651
9652
9653
9654
9656
9658
9664
9666
9669
9670
9671
9672
9675
9678
9679
9680
9681
9686
9687
9695
9696
9698
9699
9700
9701
9706
9707
9712
9713
9715
9716
9717
9719
9720
9723
9724
9730
9731
9732
9733
9734
9736
9738
9742
9743
9744
9748
9749
9750
9751
9752
9753
9757
9761
9765
9769
9770
9780
9782
9783
9784
9785
9786
9787
9788
9791
9796
9797
9798
9799
9803
9804
9807
9810
9814
9818
9819
9821
9824
9828
9829
9835
9839
9840
9842
9843
9846
9849
9850
9851
9853
9854
9857
9858
9859
9861
9866
9868
9874
9877
9878
9879
9885
9889
9890
9892
9893
9894
9895
9896
9898
9901
9904
9906
9908
9910
9911
9913
9914
9920
9925
9926
9929
9933
9934
9935
9936
9938
9942
9944
9946
9947
9949
9950
9955
9958
9960
9963
9964
9968
9971
9973
9974
9976
9978
9981
9983
9984
9991
9995
9996
9997
9998
9999
