10
100 100
3 14 10
66 38 9
9 48 2
50 66 5
67 54 7
6 0 890
12 95 738
41 23 278
1 52 598
71 24 555
90 52 1
88 82 323
47 33 484
77 26 768
97 43 7
21 19 757
84 25 432
14 0 9
97 34 5
72 13 645
7 59 232
14 45 5
92 60 4
70 28 815
10 26 3
59 96 16
85 42 499
39 61 627
62 80 264
51 31 8
16 22 280
19 22 458
60 81 1
53 24 484
74 92 596
19 35 2
83 43 9
0 68 3
50 37 4
52 91 53
9 87 544
66 64 4
76 5 6
3 85 727
90 11 987
86 18 27
9 39 463
66 14 9
67 17 1
83 0 9
14 29 6
45 60 8
46 4 587
37 18 2
0 10 1
44 98 4
59 8 307
54 40 5
9 60 8
96 12 74
46 36 137
30 51 2
1 0 627
23 29 972
43 82 10
56 72 6
29 28 10
53 84 661
90 27 835
30 73 365
63 31 6
19 29 5
44 50 2
20 83 516
2 32 984
0 2 714
27 79 814
96 89 542
90 46 447
57 26 693
31 5 5
19 33 901
60 31 8
19 69 661
90 50 5
51 55 780
54 66 8
15 54 5
78 15 708
49 58 127
64 58 10
37 62 1
67 96 9
30 93 221
31 65 9
53 40 193
94 19 6
72 40 7
65 75 648
10 99 5
100 100
90 5 3
21 88 83
2 16 3
1 81 787
97 17 9
94 72 313
16 0 3
42 18 1
79 43 5
95 10 286
28 47 283
4 2 8
44 11 6
74 31 7
74 40 631
62 0 10
36 90 679
75 91 625
76 91 941
55 96 849
24 68 34
3 61 461
19 59 93
89 79 2
79 83 7
97 81 2
66 39 803
87 63 7
71 31 7
42 91 7
61 27 959
83 19 827
46 6 2
43 38 66
33 92 3
62 12 393
13 34 177
87 57 860
64 63 945
22 15 649
65 62 8
18 39 240
32 71 2
49 95 392
71 53 1
77 5 44
42 69 2
11 67 817
30 0 2
15 23 12
5 65 2
58 82 5
2 51 384
34 87 734
3 26 919
63 94 2
91 94 2
14 4 6
46 97 5
1 0 813
7 68 289
26 56 954
84 31 6
62 60 7
95 83 10
79 50 9
61 30 2
80 71 5
4 97 10
80 91 5
74 28 598
33 20 454
73 50 832
65 93 121
78 80 420
85 4 959
68 35 463
11 21 9
80 55 718
67 8 934
9 73 919
52 42 4
52 98 368
31 70 854
24 33 188
48 53 318
0 25 1
0 54 2
41 0 2
29 20 150
17 45 10
80 0 8
54 79 8
42 37 396
58 32 5
33 14 4
41 86 670
99 63 5
43 15 241
11 16 3
100 100
28 59 6
67 69 626
25 81 4
53 98 412
80 19 453
64 35 18
4 82 7
44 10 9
7 62 2
3 79 578
93 25 2
31 55 9
16 4 9
86 3 921
87 50 637
27 71 5
47 9 2
56 1 762
49 23 8
34 43 210
74 81 3
99 78 1
90 62 4
70 19 8
83 21 3
26 25 10
58 25 1
54 19 5
55 70 2
32 5 453
95 27 662
12 7 318
35 29 67
36 18 590
1 0 769
31 98 2
49 52 7
73 93 229
33 25 1
72 76 4
0 18 83
41 43 953
74 52 4
11 8 5
44 13 1
26 5 508
22 9 569
96 0 387
40 24 835
90 85 951
77 74 670
41 42 10
58 83 2
56 91 831
9 56 4
79 15 40
92 9 782
4 65 671
31 87 803
54 37 748
41 39 528
86 97 1
47 61 603
73 30 772
31 56 2
90 55 7
24 13 550
13 81 8
38 40 740
71 6 104
82 25 10
60 7 8
86 0 4
57 30 723
58 84 274
63 31 977
99 51 324
11 4 1
69 21 590
25 31 4
90 66 990
68 2 541
29 86 5
55 89 195
45 2 10
55 14 587
41 81 1
0 25 1
48 77 94
0 45 6
31 20 227
65 88 940
17 77 652
46 4 2
76 78 1
78 4 4
27 4 4
40 75 526
59 86 2
14 94 174
100 100
89 52 10
76 0 1
26 33 933
8 4 351
92 61 788
0 71 6
58 95 422
94 38 568
12 42 165
60 81 995
9 93 7
91 72 469
25 35 276
78 27 8
38 50 9
76 46 4
25 39 411
0 79 221
63 48 1
64 46 33
93 5 524
42 3 1
55 89 5
51 93 671
80 0 1
13 44 622
59 86 3
89 32 512
82 76 3
99 93 991
1 48 832
0 1 843
56 68 481
40 80 831
77 95 5
51 24 984
0 55 8
34 8 975
54 6 290
67 69 6
9 34 6
98 83 199
16 77 1
93 18 8
28 30 4
22 63 6
31 75 97
77 55 5
47 42 137
93 0 2
87 69 976
30 37 555
10 42 3
11 54 9
70 42 3
67 82 1
2 23 159
93 81 5
44 85 141
17 42 312
61 73 505
70 61 2
93 44 3
90 25 3
11 66 88
30 48 3
25 36 93
29 67 4
65 29 508
11 78 7
74 97 495
76 33 5
3 49 2
88 62 7
53 61 713
19 3 570
43 18 960
14 89 197
41 38 762
88 93 7
10 55 5
74 58 699
61 96 308
7 78 2
11 45 6
55 20 186
91 86 90
16 59 6
84 48 1
78 15 901
0 23 9
98 75 777
78 55 5
0 48 10
75 25 9
88 56 536
11 50 9
57 28 546
52 25 10
89 21 304
100 100
20 90 9
82 53 633
38 90 10
37 98 130
61 32 538
47 41 575
97 72 950
26 44 685
99 9 980
23 37 235
39 79 291
40 38 391
57 27 9
1 58 201
52 27 9
9 25 2
34 16 3
49 67 8
94 43 361
87 25 6
30 56 6
66 14 969
91 25 4
70 57 4
95 19 4
20 35 340
5 79 1
0 4 5
32 42 675
45 71 188
22 7 8
71 81 4
24 4 1
75 41 469
11 68 190
7 57 8
92 37 1
52 21 10
97 37 3
77 25 642
26 68 460
43 50 9
86 40 530
81 15 8
65 76 443
46 52 48
89 41 667
7 20 7
0 15 1
64 9 145
88 97 3
99 6 425
48 97 1
96 33 352
37 58 5
44 63 812
83 59 578
0 57 3
97 95 8
10 52 576
70 49 10
21 31 8
30 19 2
54 18 190
16 61 753
69 70 143
93 87 853
37 53 106
95 55 9
64 2 517
89 0 7
65 20 8
0 97 6
51 9 957
8 7 4
85 13 986
34 60 178
28 90 669
3 90 508
79 7 9
83 58 839
84 88 3
43 26 214
43 30 10
36 21 277
33 95 6
34 14 516
95 12 10
73 80 184
18 31 10
0 1 215
91 78 962
74 62 297
7 73 262
70 9 6
74 52 5
16 70 1
16 13 4
29 55 49
90 17 7
100 100
89 33 281
85 25 6
30 53 606
18 26 664
22 42 575
51 93 3
73 90 935
57 64 9
29 23 226
68 7 2
25 93 3
63 29 6
53 68 8
31 2 751
52 50 229
84 34 548
65 43 3
3 58 79
44 66 10
73 38 588
68 22 9
81 89 578
15 56 4
19 17 3
17 60 5
87 72 403
53 16 9
68 12 517
17 0 3
0 56 7
53 43 5
86 54 2
41 49 1
14 74 753
40 86 7
67 44 273
24 31 1
24 88 5
3 92 438
53 29 6
8 77 7
13 46 237
77 4 3
8 35 338
38 0 6
78 11 294
65 10 2
95 50 783
59 39 754
0 20 712
9 65 9
80 3 544
24 26 807
34 7 539
41 27 315
1 16 637
16 80 5
33 76 563
0 32 6
67 21 50
37 51 3
72 0 8
36 68 363
79 67 306
45 54 79
86 85 9
55 10 195
1 0 652
75 78 893
31 69 928
53 99 941
50 56 5
62 39 8
64 22 5
89 44 4
25 39 6
17 46 9
60 83 190
70 2 875
68 91 258
94 37 556
96 43 8
77 53 3
59 28 180
24 41 6
47 15 933
44 48 2
53 17 3
54 6 542
25 98 461
68 31 2
8 14 9
7 5 275
64 78 425
68 82 47
53 44 3
61 17 7
97 25 4
0 39 9
71 70 385
100 100
23 11 907
64 89 295
30 10 843
67 31 809
62 15 1
43 29 960
87 83 498
2 67 368
39 34 684
90 72 7
54 9 5
26 0 3
34 75 3
47 67 6
60 91 375
5 90 172
13 68 131
64 34 5
84 65 9
79 20 212
8 61 2
81 0 10
90 20 4
86 0 3
20 61 5
46 38 409
80 41 521
0 56 3
52 7 395
34 91 9
28 76 225
0 34 6
86 57 1
93 58 916
3 4 378
59 56 3
65 92 583
91 36 4
7 9 6
56 49 2
4 76 6
26 18 102
96 30 126
32 22 5
81 78 467
25 69 339
95 74 1
4 10 346
6 37 226
20 71 9
38 65 5
17 15 2
48 22 3
99 20 5
87 54 482
26 90 3
32 26 6
1 0 629
27 23 2
50 21 171
32 62 1
35 49 6
90 23 2
42 64 865
82 98 2
33 85 206
63 20 513
17 1 615
70 50 986
38 98 5
77 43 973
94 40 812
16 9 561
21 88 552
11 51 899
33 0 741
26 37 6
22 44 164
0 54 9
98 66 212
13 76 1
19 87 801
8 14 2
38 54 1
87 12 982
80 26 722
95 34 2
25 45 874
53 62 741
55 80 316
76 54 3
33 73 635
98 58 8
61 77 7
67 0 5
61 97 819
23 40 4
21 23 3
64 24 747
18 69 17
100 100
46 72 6
93 31 10
52 42 1
66 3 396
11 24 594
23 50 8
41 97 6
30 14 625
5 75 6
0 18 904
92 27 15
87 63 9
70 74 768
15 54 829
90 85 176
97 67 598
52 3 2
69 85 141
76 75 758
87 6 7
68 47 570
75 51 938
21 5 10
62 72 5
6 41 7
13 29 1
28 22 147
88 75 802
57 6 6
25 19 671
3 13 6
89 87 2
26 46 394
11 13 942
70 29 8
6 37 7
84 68 240
17 95 527
86 71 8
44 2 444
30 55 800
22 3 6
7 51 512
65 6 6
36 64 888
16 0 4
0 1 166
55 65 5
71 93 2
6 9 6
27 82 990
43 37 442
51 85 549
33 6 6
53 20 9
32 75 563
4 50 680
98 93 2
83 43 651
81 72 513
77 62 1
57 20 4
17 84 9
73 89 3
83 80 831
82 50 351
45 82 400
78 25 5
61 58 9
56 89 719
38 17 359
91 12 733
5 99 264
59 13 7
20 64 785
62 1 149
23 72 6
87 0 1
0 23 5
96 24 722
2 62 3
44 39 500
10 70 781
59 25 2
15 89 9
23 71 4
54 91 167
13 89 7
65 34 3
79 3 7
35 71 5
20 61 2
11 94 889
40 29 10
5 87 1
84 55 1
49 26 781
48 17 477
60 58 398
42 8 361
100 100
21 81 5
94 4 1
3 59 8
1 0 102
40 81 5
55 27 30
47 61 73
23 31 280
45 31 4
0 95 9
81 1 85
78 61 9
40 85 419
70 59 10
21 5 2
13 71 209
31 24 765
26 15 305
53 90 28
88 60 273
90 99 881
45 95 6
86 36 8
21 89 8
10 68 429
81 65 6
56 58 4
95 20 1
95 81 8
68 62 10
64 90 9
44 56 358
7 86 758
98 47 800
87 93 11
55 20 10
62 90 2
78 4 7
73 28 25
45 82 5
28 62 9
25 42 871
22 85 599
66 52 775
12 84 759
90 0 3
14 16 584
49 72 166
83 96 209
29 49 170
40 11 6
8 21 2
79 61 708
75 90 7
38 90 2
76 95 10
82 66 545
63 82 764
50 51 851
92 94 981
39 81 2
66 41 835
43 86 449
94 95 1
74 27 696
93 61 3
91 86 276
30 55 490
4 2 7
19 28 491
0 36 4
12 33 4
62 50 380
62 59 6
26 75 7
48 35 919
64 77 417
17 94 251
71 67 384
7 34 293
25 76 1
43 14 16
5 48 4
54 95 10
39 32 301
15 97 727
72 21 5
71 21 10
20 58 8
57 12 627
9 86 1
12 18 7
18 80 456
95 88 7
37 89 8
95 18 4
68 83 7
11 6 392
66 69 658
46 53 963
100 100
72 98 830
54 40 2
25 80 6
73 83 140
76 95 712
78 54 7
17 25 10
91 26 3
60 71 2
18 92 5
17 99 503
85 86 632
97 11 632
66 29 401
70 19 714
36 14 8
96 82 5
6 80 3
26 66 8
71 27 2
21 49 9
41 69 523
98 92 116
82 41 10
14 49 7
33 38 522
95 58 9
91 54 5
58 67 787
36 90 7
22 80 9
39 10 724
82 0 5
12 48 9
95 52 6
0 26 9
61 45 300
28 27 217
98 57 206
81 5 583
33 8 458
13 56 805
47 71 399
43 35 1
80 81 3
36 87 247
34 53 655
80 43 6
14 85 796
50 71 1
63 18 3
52 37 10
66 3 295
42 72 220
49 27 7
65 98 392
89 88 644
63 6 4
59 52 195
84 92 9
49 34 589
7 28 741
24 95 5
55 51 430
46 33 3
32 11 266
80 0 3
77 60 569
24 9 211
16 58 643
61 46 1
0 0 1
79 50 477
52 82 5
35 46 7
74 28 885
29 94 212
1 58 622
30 75 561
27 30 5
73 93 923
64 4 422
20 40 945
18 31 4
96 14 6
26 64 5
97 96 804
19 35 828
82 39 278
12 71 6
93 30 6
44 82 10
55 63 233
23 35 10
62 12 549
56 82 528
61 68 843
2 6 7
15 18 8
89 52 6
