100
2857 8362 8383 7037 8770 7967 9382 4482 9063 4051 7105 7286 3888 6116 3393 8730 2402 4646 5419 2409 5740 8212 4879 4564 3441 7414 7067 4141 5204 2673 8502 4844 3236 1583 3673 7028 3600 8772 8527 -1 -1 -1 -1 -1 3889 4472 7362 7698 2985 2994 4338 4346 7025 7083 7161 5104 7897 5404 2569 1918 7133 8557 8427 3539 3095 7056 5352 4796 1907 1115 7486 4137 5362 6283 8787 4000 8257 2529 9171 6316 6679 1585 2979 9301 2363 2726 4615 4061 4654 3885 1061 1834 4077 4448 7837 7505 1283 4928 9926 9513
9088 4875 5657 6187 8050 3442 7490 2505 9637 8434 6420 6961 5399 8523 3307 3055 5701 3633 1134 6517 8153 3825 1541 5378 7020 1290 2109 6046 3519 2300 3256 1081 9049 5588 8044 5501 8658 8551 3326 -1 -1 -1 -1 -1 6102 2571 8971 3801 9262 6525 2485 7994 3982 5447 4340 7870 5391 5780 -1 -1 -1 -1 -1 2462 9458 1386 2480 7779 4199 1644 4537 4337 9997 6648 1107 6911 2046 6694 6443 2052 6288 5898 9913 1763 5734 3072 3361 8022 2716 4674 2751 1009 3462 4098 2467 4574 4779 1561 4887 5019
6761 9412 2042 7345 8944 2059 2158 3128 2820 3254 3542 3384 1808 8292 9219 3385 5744 8784 5385 1412 1686 6339 3606 1710 3145 1798 5591 8047 3516 2465 6595 7808 8999 6065 2273 3874 2977 6405 6892 -1 -1 -1 -1 -1 1304 3354 1647 2960 4145 6894 4978 4158 9036 9777 7144 2119 8397 9918 -1 -1 -1 -1 -1 2800 8564 2477 9848 8092 8813 8138 3849 2513 7763 9481 3267 9269 7990 5171 6337 5609 2320 2283 3829 3452 9194 4616 1426 1786 3436 1060 7933 5386 5520 1683 9977 4433 8721 2644 7732 4522
7771 9699 9456 6502 2636 2326 7507 8422 1866 2964 4410 5189 2694 7184 4886 4575 4618 2838 3710 7478 3124 6046 5664 9489 5250 3278 1665 3409 7458 8190 2000 8365 1163 8852 4736 7888 9468 1109 2545 -1 -1 -1 -1 -1 8664 7973 1372 6446 7515 2112 5307 4621 9612 1325 7182 4967 4477 5266 -1 -1 -1 -1 -1 5394 6167 7314 7220 9365 1046 5389 8127 1517 2715 6722 1513 2476 1503 1678 3302 6301 6934 5375 8426 4882 6691 7157 5068 7721 2596 3082 7568 5341 5069 1683 8036 9564 3952 3997 7590 6311
6608 8176 7878 8066 7846 6447 6278 5622 3877 6149 8256 9355 5111 4228 3680 7142 8370 8419 5111 5740 2334 1752 6367 1272 9064 9013 2603 1781 9888 3867 9858 1512 6233 3458 2808 7774 2529 6120 6055 -1 -1 -1 -1 -1 4432 9178 2483 4247 8454 2099 4382 3015 2923 6682 6189 1966 1860 2980 -1 -1 -1 -1 -1 3568 8915 9983 5767 9857 7375 2353 8281 8716 7858 5813 9470 9598 8695 2558 2388 9547 1224 3183 9633 2370 8317 8042 8930 4896 4565 8085 8949 9916 2130 3863 8378 7872 2055 3752 7206 5216
5022 1121 2785 5374 9093 5143 6490 3220 6150 9555 4668 9587 8918 1220 8196 9380 7904 1823 6215 6929 1657 3224 4155 6463 6333 6700 5754 2516 3051 8362 8634 9321 6280 8222 4038 6912 6129 7110 5296 -1 -1 -1 -1 -1 -1 -1 -1 -1 -1 6663 5525 4024 4640 8766 5188 5090 7436 4579 -1 -1 -1 -1 -1 8052 9570 7336 3237 7514 5064 3507 7360 5361 5246 6793 7722 8436 1400 7324 2644 9829 5397 9901 9654 4807 4029 6649 5818 9005 4434 8653 4180 3945 9195 3231 8799 7637 4070 6470 8587 7978
4828 3721 3528 8352 4150 7741 1128 6377 4035 8326 1963 5352 3840 4141 2316 9793 4447 5362 6049 8769 2829 4522 2644 7055 8236 7992 5221 9922 4116 1737 7033 5412 6167 5710 3217 7212 6499 5817 3512 -1 -1 -1 -1 -1 -1 -1 -1 -1 -1 7134 8251 9180 2243 5261 8015 1356 6252 2089 -1 -1 -1 -1 -1 3762 6634 8270 3893 5182 5743 4815 1657 1210 7835 4154 6262 9284 6544 8640 8801 7566 5657 3556 8113 6224 2808 1802 8109 7866 4493 5942 2261 5760 8575 8051 4663 2718 -1 -1 -1 -1
3230 2625 9412 6279 9296 3997 3401 4833 1326 2961 6907 2661 6065 7330 5707 9143 3282 7606 1955 7816 5043 1033 6881 7180 5304 7407 7962 3793 5900 3602 4320 2874 5835 3735 7058 1408 9498 1717 8243 -1 -1 -1 -1 -1 -1 -1 -1 -1 -1 -1 -1 -1 -1 4274 4098 6065 7677 1060 -1 -1 -1 -1 -1 9287 4521 1990 5898 2941 7997 4914 4922 4578 4836 3345 5314 7627 7080 9660 3425 2000 9183 3652 4004 9103 5414 6078 2712 5322 7329 6558 7280 8741 2352 1242 5634 6723 -1 -1 -1 -1
6285 9051 2567 1888 8317 9823 5284 3243 8012 5498 2774 3851 1058 9680 2416 4466 4036 4994 7336 7890 1629 7754 9327 7700 8270 6500 2863 9242 5818 1414 8566 1804 3089 2144 6009 9475 4716 9481 2064 -1 -1 -1 -1 -1 -1 -1 -1 -1 -1 -1 -1 -1 -1 4870 3106 4433 5181 5917 -1 -1 -1 -1 -1 2728 8491 8162 1920 4881 8307 7056 7915 1725 1038 3646 8730 2697 9969 7081 2982 7916 6040 5062 6918 6455 6104 7794 3041 7356 3564 9816 2409 1517 4418 9772 7630 8633 -1 -1 -1 -1
3393 6026 3530 2025 6384 7491 5731 8391 1623 6679 8931 6945 -1 -1 -1 -1 -1 4098 4125 7732 1750 5984 7762 7792 1958 1131 2255 8828 5830 8276 8060 2763 8931 8918 5801 9474 1387 4051 8389 -1 -1 -1 -1 -1 -1 -1 -1 -1 -1 -1 -1 -1 -1 7128 4058 4788 6481 7449 -1 -1 -1 -1 -1 7360 2961 1804 9266 3015 6363 9289 6598 5835 5212 9154 4895 4233 8729 7310 1646 7498 8095 2762 3789 9197 6138 7110 9568 8917 3922 7089 7458 1687 1350 8555 7845 2783 -1 -1 -1 -1
2571 6207 6861 4602 4750 4132 3734 7528 8789 7573 2369 9098 -1 -1 -1 -1 -1 4020 3341 3672 3015 5694 1310 6660 2920 1217 2171 2443 6226 7660 9146 3745 9711 2085 1401 4516 3577 1317 9866 8972 7205 7825 9156 4895 -1 -1 -1 -1 -1 -1 -1 -1 -1 1020 9123 4319 1652 7965 -1 -1 -1 -1 -1 3173 3047 2283 8582 9878 6445 4606 1159 3476 7027 8470 4716 9726 2363 6225 1891 1095 7692 4623 5918 1811 8388 8991 3259 8414 6535 7387 1542 8693 9808 4608 8827 1084 -1 -1 -1 -1
7768 2723 9161 2657 8726 2672 4992 7579 5226 7436 1990 7939 -1 -1 -1 -1 -1 9791 7193 2918 4112 6242 2651 2020 1030 9004 6015 3862 2716 7200 7722 6737 4366 9667 9154 8405 7228 9390 9953 4572 2004 2541 1650 9148 -1 -1 -1 -1 -1 -1 -1 -1 -1 4239 9747 6818 6598 7750 1613 6983 3985 3739 4178 9253 6470 7576 7369 1120 1543 4399 8621 2658 3351 4456 6299 3409 2754 9493 7851 9537 6011 6992 1752 4324 4985 8327 1672 4346 3059 9598 7796 6830 6571 8148 4049 8433 -1 -1 -1 -1
3120 5498 4440 9364 8881 7396 8712 1564 1082 2483 4918 1825 -1 -1 -1 -1 -1 1286 5453 1747 6146 5249 6676 2860 6262 5594 6353 7153 4404 2690 3517 9596 1229 9807 7501 2959 8640 2586 6854 8133 4868 3058 4371 4496 -1 -1 -1 -1 -1 -1 -1 -1 -1 9374 4193 2749 9875 9423 7866 7385 4355 7837 9074 5117 1817 7641 1182 7684 5784 8653 4948 9079 2501 4391 7900 8487 7848 1495 3618 8449 4261 1028 8721 3206 3378 1729 3967 7792 8480 7784 7819 8187 6252 8520 5766 6550 -1 -1 -1 -1
3206 3985 1069 9309 1562 7356 3643 3064 3911 3512 5019 4491 -1 -1 -1 -1 -1 1014 6790 8931 9956 3149 3221 1434 1763 6530 7636 7505 7182 1802 7764 5844 1794 8979 8380 9592 -1 7379 6703 3104 5450 9668 9512 8694 -1 -1 -1 -1 -1 -1 -1 -1 -1 2909 4107 3233 2335 7100 9918 6100 5291 1672 6310 1802 6509 1498 4500 6391 4180 8476 8763 6955 8655 1862 3518 9509 9519 -1 -1 -1 -1 -1 2304 8268 7696 2830 2766 9665 3588 9709 8670 3526 3554 1963 1308 4313 -1 -1 -1 -1
6583 7567 3091 7418 2626 1561 7576 6767 8255 1918 5825 1352 -1 -1 -1 -1 -1 6036 4883 6104 4816 2985 2798 7448 5580 9688 4053 6776 4319 5902 5655 9883 5322 8577 6840 9119 -1 6272 6413 9440 4500 7870 6727 3624 -1 -1 -1 -1 -1 -1 -1 -1 -1 7822 3170 7874 4552 2452 6419 3646 1951 8818 1612 8697 2041 5625 3124 7716 4532 9702 1843 6625 6443 3528 9969 3153 7869 -1 -1 -1 -1 -1 2694 9714 9936 7486 6800 7243 3593 1110 2054 2302 4773 1708 9459 4524 -1 -1 -1 -1
1988 7728 1078 5689 8745 3585 2461 4882 8141 3843 4623 2702 -1 -1 -1 -1 -1 8210 6967 4519 6314 5828 6314 2588 3440 4624 7141 5246 8909 5561 4227 1721 7248 6500 8756 6619 -1 6315 3940 4801 5306 2544 1632 2731 4481 7884 2025 5431 -1 -1 -1 -1 -1 8818 2501 8319 7856 8746 4525 4504 7405 6108 4839 7213 4175 4244 2059 8010 5209 9355 8783 6755 9199 9556 2126 3619 6459 -1 -1 -1 -1 -1 2349 5959 8808 5340 1433 4714 2662 7584 4281 1337 6465 3229 9739 7287 -1 -1 -1 -1
9269 8873 6617 1854 6899 5323 7270 2189 8427 6321 6678 6578 -1 -1 -1 -1 -1 2070 2419 6225 8256 7164 9510 3182 5022 4057 7160 3748 2374 3430 2258 5482 8909 4269 8277 4659 -1 3586 -1 6515 4244 2265 3463 8799 3381 4817 5285 3073 -1 -1 -1 -1 -1 3998 7603 2358 8821 1443 7312 1032 6710 8191 2952 1111 5804 8756 2549 5733 8735 6278 6021 8664 1900 5234 2689 6531 6181 -1 -1 -1 -1 -1 2381 6731 4645 2263 2458 2429 4299 7320 9026 9675 5194 3787 6919 8335 5528 8236 6280 1192
8079 2857 9504 6697 4366 7645 8897 8192 7899 9165 3308 4600 -1 -1 -1 -1 -1 7511 5175 4607 5219 2803 9561 8285 3465 6835 9401 4617 8668 8380 3863 3506 7543 7443 2234 8306 -1 8569 -1 -1 5300 4605 7651 8618 7207 5289 7565 9159 2342 4508 4274 7666 9451 3156 9622 9161 9896 1450 3622 3924 6529 9034 6578 4052 2111 3461 6540 8526 2461 7369 8010 9730 4850 5969 6003 3936 9658 -1 -1 -1 -1 -1 8786 7842 9246 6239 1160 7087 4066 8050 7746 3203 1589 8342 1746 2844 5719 9005 6708 4340
2911 4936 5226 9363 4463 8442 1658 5783 2629 2946 6129 9733 -1 -1 -1 -1 -1 9287 5018 4112 7959 9013 9312 4568 7080 4595 5977 6459 4390 9567 2819 7343 6994 3227 7710 6230 -1 2210 -1 -1 4673 9313 1474 2158 6277 2816 2970 8225 2947 6929 3796 7955 3831 5686 1647 9284 3809 4903 8153 3467 6845 4295 2890 1258 8162 3136 5449 5402 5348 5221 4021 9747 4907 2992 8656 5208 6623 -1 -1 -1 -1 -1 3247 6727 5397 6379 2024 7878 6385 5297 6541 5377 7815 3012 1120 5580 3735 8728 3499 9778
4402 7755 3962 1307 9534 4150 3640 7100 6288 1132 1762 6111 9641 7412 6742 6387 2098 6645 5247 2274 8676 1482 7690 1431 3497 2648 2981 5266 -1 -1 -1 -1 -1 6319 7247 5737 -1 1214 -1 -1 -1 8955 5670 7058 9433 5058 3549 5608 8374 4535 8629 5945 9716 9505 2358 6310 1724 7631 7445 6580 2733 9526 6645 4752 3196 1913 4693 8976 1774 9760 2491 5557 4344 1393 9581 2834 7127 -1 -1 -1 -1 -1 8470 2108 1582 8311 2523 1405 5253 8538 5479 5886 8152 5105 1260 6402 4724 9028 6446 5344
-1 -1 -1 -1 -1 4483 8250 8898 7413 7231 6746 3723 1505 8397 8461 2233 5347 5665 7547 9976 1310 1585 3211 9246 2898 4942 5642 4206 -1 -1 -1 -1 -1 9777 4988 4609 6484 5930 -1 -1 -1 -1 6176 8932 6401 7297 1860 5328 1848 2661 1396 1801 3663 3250 5009 9531 2140 4555 7080 5432 9039 9466 5731 7356 7720 9655 8965 7769 8380 4621 9906 4139 1311 9214 5451 4947 9157 -1 -1 -1 -1 -1 3014 2970 6316 1904 2613 7839 3759 6214 7700 5120 2049 9225 2117 9754 2620 8389 9146 5219
-1 -1 -1 -1 -1 4783 6538 6810 5508 4742 5007 5995 2406 1789 6925 8705 2050 7966 4393 6153 7320 2576 1733 3487 1178 6739 4605 9962 -1 -1 -1 -1 -1 4422 4909 6464 5295 6658 -1 -1 9469 -1 -1 3378 6157 9474 9796 7565 7216 7732 8929 5156 8770 6513 1905 1755 9991 7705 3009 1393 6901 6951 7417 7768 6596 7581 8416 7268 1770 6869 8247 6741 8095 6806 1654 3370 3803 -1 -1 -1 -1 -1 2229 6165 3043 5167 7195 2731 3344 8714 8162 4544 9664 9664 7667 2029 8639 4669 4647 4838
-1 -1 -1 -1 -1 7405 5374 6852 6962 6546 4596 6098 9962 3640 2322 3426 9833 3984 1553 3406 4544 3550 9501 1147 7816 8354 9495 6419 -1 -1 -1 -1 -1 3131 9675 4239 9338 6849 -1 -1 8056 -1 4605 9541 6957 9870 8000 2177 4542 1483 6038 6520 2956 8900 2735 8207 8593 7547 7531 2033 1732 2825 7913 6876 5590 4145 1851 7178 4321 6168 6065 6027 2792 8878 5671 1893 6074 -1 -1 -1 -1 -1 2537 3588 1124 7566 3839 4091 9861 7215 4236 8944 3700 3509 1671 9891 5195 1773 -1 -1
-1 -1 -1 -1 -1 1256 4399 1543 9103 5668 8004 7796 5289 1169 3319 6490 9472 3079 9103 5607 3608 5329 8026 8924 5975 7952 6443 7791 -1 -1 -1 -1 -1 2945 4404 1695 1883 5272 -1 -1 9649 -1 4402 1445 7283 3014 6490 5738 7166 7750 8852 9106 9755 9318 9898 3917 9199 9736 1938 9579 1968 9962 7335 8130 3012 2065 3895 6506 9524 8521 9123 9208 7492 2475 9870 6187 7978 2905 2152 5485 4132 8732 5653 9295 7442 7238 3890 2016 5857 1769 4441 1266 6328 8788 6608 5860 3761 9980 -1 -1
-1 -1 -1 -1 -1 3363 5823 9342 2343 5006 4841 3746 5716 7063 1198 4735 1476 8537 1556 9687 4380 8109 8434 4056 1780 4772 8707 9348 -1 -1 -1 -1 -1 8562 7639 2359 1111 4981 8221 6119 1441 5491 5742 5613 1951 6231 1808 3870 3112 1629 3293 1605 6657 8376 1700 9099 7669 5636 7421 1068 4098 8003 6264 4982 4611 9545 3219 1553 6839 3086 4049 7540 5733 5812 4488 7603 7611 9331 8990 9409 6464 6215 6681 4853 1991 2682 1393 1042 7025 7881 7509 3671 5098 7899 6342 5003 -1 -1 -1 -1
-1 -1 -1 -1 -1 3657 8836 5979 4134 1801 3377 5846 9260 7861 9174 6644 1865 2512 8429 3328 6056 2665 9876 7861 6357 6233 7024 7809 -1 -1 -1 -1 -1 7106 8454 6315 8404 2087 8681 2428 8343 8880 4197 6791 5879 3919 1018 1394 3356 9727 9080 6355 8336 8203 8544 8165 7552 8467 9781 2438 1610 3837 5615 6261 5056 2893 2879 2273 4602 1303 5282 7708 4821 2652 5725 5784 4517 8378 3522 2021 8914 4293 8871 8479 5997 8621 3246 8772 4998 7921 7478 9265 3192 6761 9903 9912 -1 -1 -1 -1
-1 -1 -1 -1 -1 2956 2935 5864 9424 5832 8777 7249 5103 9279 1745 6921 3469 4822 9728 4583 1040 2168 6252 6168 7184 6237 4841 7837 -1 -1 -1 -1 -1 2003 1932 1854 6354 7906 8923 5714 6117 4079 5678 3990 8334 5768 1123 5657 1467 4372 9698 8677 2498 5028 5103 2520 7487 1880 1444 4715 4196 5659 3116 5160 1835 1064 3964 4754 5137 3999 7182 8678 7445 9145 9959 6152 8136 7547 7062 1550 8218 4606 3469 7831 9335 5792 4223 1183 2654 7744 1372 2068 5615 1125 7081 3938 -1 -1 -1 -1
-1 -1 -1 -1 -1 4859 9630 6229 3777 2418 8006 4379 9374 9353 5379 6405 2288 4266 1392 1966 4432 7844 3475 3723 8354 6746 5837 1445 -1 -1 -1 -1 -1 3831 9567 1678 9294 8792 2732 3802 1158 6610 -1 -1 -1 -1 -1 8126 1171 8390 8030 2850 7087 4735 7517 7328 3373 1778 9342 5263 5844 4882 6897 8435 2811 8177 7370 7715 8008 4152 1372 1442 8745 7190 2405 4415 5115 2038 6038 5693 1206 8459 3694 5336 4767 1261 2406 9020 6683 1000 1387 9778 5824 9063 8245 3153 -1 -1 -1 -1
-1 -1 -1 -1 -1 5501 8381 7835 7917 3623 4225 9908 1993 8434 1672 5301 8395 1572 6993 6075 5642 3255 5873 3027 5948 8589 7912 5623 -1 -1 -1 -1 -1 1758 5494 8752 4521 3943 4596 2398 1036 9369 -1 -1 -1 -1 -1 4878 5207 6321 3104 4644 9481 7932 3666 8993 8175 8530 2783 8456 7460 6631 1210 7831 7149 8818 9221 3594 7780 5014 1487 9219 2452 7809 9624 8266 6656 5671 5166 4305 6269 9172 1742 3477 4504 8041 3886 4950 3294 3753 1543 1586 2285 2750 4095 4233 -1 -1 -1 -1
-1 -1 -1 -1 -1 5409 2936 3896 4276 9364 7960 4027 7928 6133 2243 7267 9413 8990 7600 5887 1747 2956 9729 3374 5409 1939 7724 4513 2259 1310 4142 6705 7442 9116 2067 6395 3356 8972 3623 7716 1942 3541 -1 -1 -1 -1 -1 7094 2616 2218 8650 4026 2521 -1 -1 -1 -1 -1 2934 4553 6166 2290 6346 3270 9148 3446 1602 8413 7244 2703 9238 7309 5967 4881 8643 1950 8787 5889 8576 1787 4483 4679 6654 1602 2252 4316 3193 7063 5410 1300 5952 7261 8291 8817 7744 4260 -1 -1 -1 -1
1293 6234 5478 7559 6357 8196 4525 8009 8978 5880 2784 1257 3182 7181 9763 1672 9496 9695 5553 9152 4365 9903 8382 7621 1825 8397 4460 2405 7557 3351 1880 6435 2530 5363 4137 2593 8620 8463 1585 8000 4070 2988 -1 -1 -1 -1 -1 -1 -1 -1 -1 -1 5357 -1 -1 -1 -1 -1 1534 4403 8826 6479 6198 9400 9388 9356 1616 5501 3039 8324 1124 2065 1070 1323 8321 4299 4318 5638 7517 2333 3689 7008 6645 7781 1174 6816 2063 6394 9035 2768 2007 1760 7094 5248 5672 3844 -1 -1 -1 -1
4589 3678 3846 1306 8190 3052 1996 6151 3162 7161 -1 -1 -1 -1 -1 4740 3980 5433 4422 8442 4298 6721 2982 4800 7430 7803 5505 3029 5988 6444 1697 4693 1240 3779 2942 3393 5529 4791 9858 3035 5782 3067 -1 -1 -1 -1 -1 -1 -1 -1 -1 -1 1268 -1 -1 -1 -1 -1 5916 7191 4907 7979 3034 7455 8327 3144 6134 3300 3052 1941 5245 2692 1949 5293 3645 3701 1398 5756 8827 5510 3599 9055 9371 4098 9161 6038 5303 6766 5282 3346 4965 2146 4091 7978 2057 4756 -1 -1 -1 -1
3203 8151 2343 2405 4055 3200 8480 1334 4846 5764 -1 -1 -1 -1 -1 5430 6700 6864 5017 4368 9956 5743 4744 7832 5979 6305 7386 5160 1736 3649 6462 3666 2166 6605 8467 4755 7262 2130 5576 4583 8566 5628 -1 -1 -1 -1 -1 -1 -1 -1 -1 -1 8160 -1 -1 -1 -1 -1 4469 9032 7232 1065 2935 2294 7102 7660 5525 6065 9608 8217 6183 7687 3418 4112 3318 1887 3598 4466 9483 5586 6746 7203 3753 3288 2892 8612 3961 4521 7829 6078 9076 3386 6635 7387 5960 5689 -1 -1 -1 -1
4474 4066 9347 5961 6847 3882 4207 4800 4262 4266 -1 -1 -1 -1 -1 6284 5017 2201 1403 1992 4872 8463 3527 4940 7668 7809 2787 1213 8791 9066 1072 4218 6700 8916 8752 9539 7714 4835 2967 5270 3745 1546 -1 -1 -1 -1 -1 -1 -1 -1 -1 -1 3203 -1 -1 -1 -1 -1 5211 8680 2056 8176 5595 8787 2045 5728 6486 7743 5914 6807 6656 4580 5064 6733 5900 6646 9596 2828 9271 8821 7929 6187 3854 6920 7630 1439 2945 7097 7700 3213 5897 5599 5623 1395 5875 7908 -1 -1 -1 -1
1900 9401 5536 4720 3683 5038 2583 3704 5695 4727 -1 -1 -1 -1 -1 9086 5501 7041 8564 7141 2312 8913 8033 6210 3691 8938 4003 4482 2909 3412 2931 2533 5315 4557 -1 -1 -1 -1 -1 7638 5225 3369 -1 -1 -1 -1 -1 -1 -1 -1 -1 -1 5770 -1 -1 -1 -1 -1 4914 9218 9423 7579 2756 4419 6092 2295 3508 7431 9704 5346 3846 8041 1058 1488 4254 8396 8963 7656 6426 8708 2756 7590 3216 1011 7781 9715 1876 4253 3083 7770 4173 9047 9736 5299 5847 9730 6968 5003 7172 5150
9551 6514 1677 7982 5685 1539 6223 8742 7827 4077 -1 -1 -1 -1 -1 7025 1018 9660 4859 5042 4574 7934 9879 6186 9030 1014 5644 4586 3085 4505 8408 7689 4073 5913 -1 -1 -1 -1 -1 8917 5971 4115 -1 -1 -1 -1 -1 -1 -1 -1 -1 -1 6678 -1 -1 -1 -1 -1 8643 4029 2893 8756 8940 7524 2541 8988 3229 3676 6120 5531 2276 1271 9109 5143 8262 3517 4134 3224 4727 2019 5792 1680 1518 5476 6384 7831 3414 6571 2059 3828 4372 5007 2464 2271 2409 5028 9437 1380 1003 9271
8634 2560 9004 2610 7609 2860 1965 2829 7746 9068 -1 -1 -1 -1 -1 6662 6992 3107 1217 3309 8336 8810 2921 7142 3211 3091 1277 8550 7545 7437 6863 7496 8433 2302 -1 -1 -1 -1 -1 7296 6466 2100 -1 -1 -1 -1 -1 -1 -1 -1 -1 -1 9384 -1 -1 -1 -1 -1 1942 1128 1384 3749 4715 2929 7239 1240 4994 7278 5920 5367 9847 4042 6954 3788 7368 2356 2098 2451 4123 8731 5781 4856 3623 9854 4540 9986 7320 1156 7262 6198 6426 5646 8132 5011 2675 7690 9872 1313 9913 1014
3729 9886 4284 8352 1698 1972 4759 6078 5348 9485 -1 -1 -1 -1 -1 8402 4952 6595 6763 1821 5964 7613 7031 2957 2041 3440 5556 7919 9581 8876 8260 5360 8315 5022 -1 -1 -1 -1 -1 1121 7245 9009 2121 8685 7913 8888 5902 -1 -1 -1 -1 -1 5637 -1 -1 -1 -1 -1 -1 -1 -1 1458 8353 8753 5231 5157 9161 8250 6939 8170 1002 4937 9315 6144 3161 3728 4728 7779 1374 7423 9456 1925 6392 6128 5087 6119 2817 2446 5934 7611 7508 8225 8395 8211 2454 2161 3207 5370 9368 2784
2969 6297 8593 1631 4015 2802 6223 6290 9101 1274 -1 -1 -1 -1 -1 6489 2051 5028 5925 6071 5147 5095 7676 3890 8964 9863 6328 7424 8237 2804 3048 5826 8396 6959 -1 -1 -1 -1 -1 8622 5660 7939 5846 3247 2223 5202 7525 -1 -1 -1 -1 -1 3024 -1 -1 -1 -1 -1 -1 -1 -1 7547 4844 3643 4945 4430 5615 6032 9106 2404 5916 5281 8513 5892 6232 7345 5770 7755 3451 1776 5884 9974 1871 2958 8588 8262 4832 7078 6982 5178 8585 2106 9489 1381 2868 1512 9287 2814 5921 1696
7793 5289 9429 9255 8402 3476 8160 5279 5477 7014 -1 -1 -1 -1 -1 9170 7816 1297 2723 8202 1090 4142 8924 8663 4208 4746 3012 4263 2043 8125 8708 8603 8713 8260 -1 -1 -1 -1 -1 4157 1655 1453 6163 5731 1923 7970 3085 -1 -1 -1 -1 -1 6181 2987 1972 2120 -1 -1 -1 -1 -1 7137 9556 4926 2127 5278 3074 1149 3156 5231 2815 9766 7077 1032 4601 5163 6792 9038 7114 6625 5743 5269 7044 6123 4259 8633 8631 9948 4806 8312 5188 1765 4602 2715 5047 3476 1631 8473 1204 9374
4686 2757 6252 6353 3981 7946 8459 5935 8653 4924 -1 -1 -1 -1 -1 4693 9939 2444 2254 9379 8030 1615 8588 9970 9785 6600 9664 1958 9608 3811 3341 5654 3010 5441 -1 -1 -1 -1 -1 2505 3170 1727 9492 9251 2204 1638 4892 3438 9518 6864 -1 -1 -1 -1 -1 3889 -1 -1 -1 -1 -1 6086 6456 3281 5465 1964 1270 5777 9133 3424 5341 8354 8580 2880 9054 9742 1584 3358 6908 1569 5976 6106 9344 4294 2180 4478 6149 6184 1761 6039 7235 8545 5489 7187 1236 7934 8063 7036 9948 3547
2855 3783 1439 9915 1270 9189 6781 2706 6837 1701 5779 2566 1194 5445 6521 3418 7320 6007 1343 2865 7766 4771 3800 5555 5168 7684 6307 3185 7322 4988 6648 7740 4856 4419 -1 -1 -1 -1 -1 3719 6043 7152 4573 1505 8912 6708 3302 1089 6865 4957 -1 -1 -1 -1 -1 2298 -1 -1 -1 -1 -1 5375 1554 3955 7747 8826 6398 6577 7672 4631 8776 5320 3601 3812 1860 6401 6369 1242 1800 5518 8850 5600 9619 4782 6281 4950 3921 9985 2604 6032 7534 2339 2516 2768 4980 1501 -1 -1 -1 -1
5182 8473 -1 -1 -1 -1 -1 5987 3438 1389 1732 4591 4601 1707 4751 2026 3691 5621 5921 3514 1089 2037 4875 6637 3080 6639 6865 9912 2162 5131 9570 8214 5725 4590 -1 -1 -1 -1 -1 7825 8033 2277 9937 2063 5401 2620 3572 1242 5621 9741 -1 -1 -1 -1 -1 3119 -1 -1 -1 -1 -1 1340 4305 9767 2983 7211 5252 7369 8905 1067 9761 6528 9671 4755 4279 2929 2851 9446 3262 5263 5934 1398 3372 9994 9234 1423 3123 2214 4166 2684 4230 7532 6790 7430 6818 8947 -1 -1 -1 -1
8827 3454 -1 -1 -1 -1 -1 8078 7417 2648 3090 7421 4366 6276 6494 8493 2543 4809 1409 2937 1939 3710 7453 4071 7340 2608 1620 5226 5516 1625 5765 9160 3899 9638 -1 -1 -1 -1 -1 6215 2015 7462 4769 4016 7473 8591 6428 7242 6467 2587 -1 -1 -1 -1 -1 1617 -1 -1 -1 -1 -1 8645 8187 8530 4149 5509 6474 4011 5242 8055 3856 9189 6165 5964 5855 4911 1513 8095 1666 5806 5940 6768 6543 8994 9991 9161 4850 2771 8281 2018 5670 4596 8379 6205 2475 1285 -1 -1 -1 -1
3239 8154 -1 -1 -1 -1 -1 5467 4619 8700 8390 2078 3811 9787 4370 6224 9837 5835 2200 2220 9270 2126 6170 7643 1277 5708 8405 7184 1851 1716 3059 8718 9096 5005 5572 4198 5702 8952 3779 3376 9909 1543 6146 6313 1594 8236 9981 5831 1749 8422 -1 -1 -1 -1 -1 1708 -1 -1 -1 -1 -1 5107 6412 7093 7852 9711 9712 4427 4463 2942 9956 6378 1400 9280 5890 9015 4875 5968 2737 4710 2180 8728 1079 6735 -1 -1 -1 -1 -1 6006 8770 9549 4092 6260 -1 -1 -1 -1 -1 -1
1185 7956 -1 -1 -1 -1 -1 3294 2044 7585 2827 6228 2360 3127 6708 2609 5709 2763 9399 2332 4155 8321 9636 2060 1119 8553 1701 7995 2874 6690 7618 5835 2370 9083 3265 1419 5706 7884 8058 4074 5609 2101 5774 3476 7027 6404 5722 1190 5038 5157 -1 -1 -1 -1 -1 1174 -1 -1 -1 -1 -1 8398 6144 6841 9552 8292 2529 4561 1883 3241 7990 5999 4097 3827 3043 9729 3537 3313 3543 3675 9115 3417 9804 5512 -1 -1 -1 -1 -1 -1 -1 -1 -1 -1 -1 -1 -1 -1 -1 -1
3558 8769 -1 -1 -1 -1 -1 2902 1520 5617 6777 8272 2282 5234 4221 8856 3716 8632 7939 6515 7944 9069 1020 8329 6327 5821 9676 9081 4450 6120 2923 9216 1661 5722 8816 5460 4161 6010 5026 -1 -1 5173 2376 8101 7253 2271 6174 3961 1093 3805 -1 -1 -1 -1 -1 4108 -1 -1 -1 -1 -1 1713 7766 9350 5502 2333 3665 1058 3077 9864 6939 1352 5060 9062 2469 3567 8455 8323 1212 2421 3117 5616 7368 9450 -1 -1 -1 -1 -1 -1 -1 -1 -1 -1 -1 -1 -1 -1 -1 -1
7406 1182 -1 -1 -1 -1 -1 7675 3044 7695 7424 9658 5413 2349 6891 4080 3788 7044 3980 7999 5665 9948 3398 8426 2576 2424 1466 1905 4667 3294 9076 8972 5165 7866 5565 7826 6768 7951 -1 -1 -1 -1 1503 2225 2987 3371 -1 -1 -1 -1 -1 -1 -1 -1 -1 1382 4676 3149 6856 4708 1840 6923 4549 3199 5008 6945 5011 1629 5642 -1 -1 -1 -1 -1 3143 1042 2660 9537 4938 6532 3960 5271 2913 9643 -1 -1 -1 -1 -1 -1 -1 -1 -1 -1 -1 -1 -1 -1 -1 -1
7766 6214 -1 -1 -1 -1 -1 1609 1707 3606 4294 5982 7489 1785 6838 8880 1056 3924 6325 6152 5003 3215 5812 8316 6484 8323 6215 8731 8442 5079 6985 3673 1765 4862 5424 2292 8922 -1 6549 1074 9876 6936 2057 6547 4625 3761 -1 -1 -1 -1 -1 -1 -1 -1 -1 4931 7889 5835 7841 1352 4795 8891 9911 5988 6199 9210 7225 9857 2040 -1 -1 -1 -1 -1 5748 4306 7125 9181 2214 2224 1048 3512 6477 1195 -1 -1 -1 -1 -1 -1 -1 -1 -1 -1 -1 -1 -1 -1 -1 -1
2638 3348 -1 -1 -1 -1 -1 6951 3768 4061 6638 7439 1554 9911 2636 5920 8811 4963 1903 9321 9879 3397 2625 9459 7861 3139 8840 4813 2506 6941 8490 6839 2659 5717 2522 8207 2541 -1 -1 -1 -1 -1 6524 5477 1291 1254 -1 -1 -1 -1 -1 -1 -1 -1 -1 9558 3198 7453 3764 4755 3016 5145 9530 6316 9676 3186 7086 9684 3955 -1 -1 -1 -1 -1 6752 5169 9761 5100 3096 8423 6170 7031 4764 6906 -1 -1 -1 -1 -1 -1 -1 -1 -1 -1 -1 -1 -1 -1 -1 -1
2652 7908 -1 -1 -1 -1 -1 4952 3395 4244 4618 6057 8937 3643 9413 8639 2992 1326 8700 6034 8608 3782 4170 6442 2969 9729 6605 9110 6795 9260 1171 5366 3406 3969 2940 2817 9681 -1 -1 -1 -1 -1 9940 6963 6942 6419 -1 -1 -1 -1 -1 2901 4574 7055 2761 9631 9150 6837 2220 2164 7859 8991 7750 6000 7559 6809 2694 9705 5716 -1 -1 -1 -1 -1 5957 1894 9166 4402 5356 3552 8499 6156 1175 4664 -1 -1 -1 -1 -1 -1 -1 -1 -1 -1 -1 -1 -1 -1 -1 -1
2624 1603 -1 -1 -1 -1 -1 1528 5354 1305 4193 4594 3588 8080 5783 4043 8672 6999 4922 5376 6855 1069 2726 2367 1327 7277 5297 7719 5992 8210 8467 4395 4196 7297 7148 8857 7218 4624 4588 9380 7738 -1 7857 9040 4231 5998 -1 -1 -1 -1 -1 5103 7211 1310 7882 3756 9960 3308 5511 1284 2709 5657 9323 3927 1141 5141 2124 4069 7959 -1 -1 -1 -1 -1 6915 5960 9007 4195 7969 9771 5135 8781 5499 8100 -1 -1 -1 -1 -1 -1 -1 -1 -1 -1 -1 -1 -1 -1 -1 6909
5553 7307 5302 5613 7000 8206 1602 2246 3288 4288 5629 5938 7369 8673 6205 1891 9235 4266 3292 1015 5853 9971 5712 9761 2857 7524 5192 9313 8983 3028 7020 6390 6139 5350 6288 -1 -1 -1 -1 -1 3534 8660 1781 2599 5842 4885 -1 -1 -1 -1 -1 9770 3803 5301 5171 2087 5641 6995 8836 5891 9611 3422 7999 5205 7518 2726 2180 2493 3242 -1 -1 -1 -1 -1 5916 7959 8292 1783 1702 6719 7613 1613 2949 5652 -1 -1 -1 -1 -1 -1 -1 -1 -1 -1 -1 -1 -1 -1 -1 7419
7341 9651 6935 1674 3736 9160 4770 3794 2665 3581 3627 2330 4923 7914 6763 6156 -1 -1 -1 -1 -1 1446 2294 4677 2316 8273 8181 2550 6953 8272 5726 7185 7195 9402 5231 5896 5873 -1 -1 -1 -1 -1 5857 8911 3958 3356 -1 -1 -1 -1 -1 2509 1126 5042 3601 4942 9881 8611 6468 4769 4263 9042 2740 6940 6627 3669 8622 4770 1938 -1 -1 -1 -1 -1 6229 2177 2668 9467 5766 4157 9947 8385 6952 9220 -1 -1 -1 -1 -1 -1 -1 -1 -1 -1 -1 -1 -1 -1 -1 6865
2679 5066 2331 8426 4189 6494 6188 3578 4075 8265 3799 2293 6279 1750 5632 4815 -1 -1 -1 -1 -1 2892 4621 9536 6745 2884 3037 6521 9818 5173 1298 9154 1036 6509 8376 4045 2186 3215 1764 9544 1352 5612 5527 5064 2386 2800 -1 -1 -1 -1 -1 4945 1483 2317 6630 7203 2077 9561 5218 4889 2819 8912 9851 5843 9719 3334 8290 5276 7162 -1 -1 -1 -1 -1 1239 5794 6638 4253 7127 8478 3098 2696 7720 2840 5101 2124 7583 2002 8534 -1 -1 -1 -1 -1 7834 2504 8063 8736 4637 5315
9462 1073 7599 6676 6213 2871 6368 5996 3833 6792 8181 3280 -1 -1 -1 -1 -1 -1 -1 -1 -1 8182 5827 4957 5446 2307 6507 1834 7146 4178 8461 3041 5522 1169 9651 2500 3279 6292 9301 6643 7536 7978 2264 7649 8820 8119 -1 -1 -1 -1 -1 1141 4572 2327 8154 4314 7394 4382 7282 4717 3957 2860 8564 2308 2928 7082 2332 2257 2986 -1 -1 -1 -1 -1 6259 1358 4984 4533 1225 3919 5104 2837 4230 3180 8045 7739 4346 8931 4625 6765 5478 4253 5736 7734 1713 7932 6178 6861 5272 2730
9182 6778 9286 6283 4119 9587 5409 2526 9209 1644 6000 3259 -1 -1 -1 -1 -1 -1 -1 -1 -1 8864 8708 6951 3908 2893 1034 5551 5042 3860 8442 -1 -1 -1 -1 -1 8089 3330 8450 5700 4803 2737 4934 1246 1324 8258 -1 -1 -1 -1 -1 1774 3870 8528 9816 1221 9873 7416 9376 5434 5619 8858 5618 1125 8050 6652 2451 4770 4684 -1 -1 -1 -1 -1 5127 6795 9449 5539 6952 9442 3656 9411 9038 5930 1750 8491 4674 1117 3610 1553 2682 3821 5645 6455 3432 6827 1407 3442 9760 8618
3265 5306 1594 1594 2827 3293 7988 5537 2680 9240 5815 9183 -1 -1 -1 -1 -1 -1 -1 -1 -1 6390 2845 8427 6164 3735 1491 3206 2043 5967 8638 -1 -1 -1 -1 -1 7896 5693 4798 7979 2535 6621 5794 1-15853 2980 4034 3044 7285 6283 6395 6979 8745 9393 2589 8903 3772 2832 6684 6565 7644 1137 9117 4742 1597 3005 5312 3804 3380 6092 2800 3549 3082 4639 4940 4653 1229 4391 3440 8469 4270 1884 8607 7666 5582 5188 9845 6720 5438 4146 8579 7008 4749 5554 4677 5957 4342 3521 7644 2452
6682 4040 9729 4154 4639 7618 6806 8244 4061 3440 1206 3033 -1 -1 -1 -1 -1 -1 -1 -1 -1 8698 8213 8763 2397 6561 4657 1684 5622 1881 9476 -1 -1 -1 -1 -1 4549 8972 3753 1428 5876 2552 3910 2461 9066 4123 6764 1007 3898 2940 5323 3684 9827 8114 2282 7960 9047 1541 7072 2391 4438 4632 6855 5095 8724 7146 9096 5785 3044 5505 6001 8249 1485 4720 9516 9549 6799 5720 4215 4508 9085 8398 4577 6212 6926 7553 8870 9005 9044 3220 5012 2939 7663 5636 2710 3289 9200 4549 9393 6586
1229 9789 4994 4729 2217 5020 7713 3779 9088 6971 6660 1489 -1 -1 -1 -1 -1 -1 -1 -1 -1 7572 2074 2922 8432 9966 5202 7248 4015 3912 3785 -1 -1 -1 -1 -1 6273 6551 1444 3471 1373 3008 6997 2584 8180 8314 6324 2181 2641 9074 3590 6637 5251 1530 3583 2166 2545 4184 1144 2254 8388 3527 2857 3626 7579 9048 9591 6542 2131 4649 4356 6156 1436 6149 2340 4342 8301 7669 6886 7810 2919 6513 4971 3422 8169 9293 7156 4246 5597 7404 3499 7008 5843 6883 2522 7469 4359 1828 6399 8355
1228 9050 3395 2388 7972 3018 5876 4441 4844 6597 6150 3297 -1 -1 -1 -1 -1 -1 -1 -1 -1 3393 4849 1728 6739 1254 6440 7926 4283 4080 3081 -1 -1 -1 -1 -1 5092 8831 7239 7002 8269 2804 5383 1656 6411 6594 7600 6555 5883 9219 3239 9031 3642 5377 8471 9416 8546 6019 6713 5512 6789 5090 5520 3004 1132 7011 9689 9877 8677 9749 7408 4281 2828 2321 2071 5741 3729 8818 3460 3967 2059 2637 6669 9759 5734 7981 9213 1479 9714 7387 6948 7156 4394 9537 1630 5155 6775 5949 5756 4385
5726 5205 7519 9852 2867 3407 8229 7590 9444 8309 9064 1061 -1 -1 -1 -1 -1 -1 -1 -1 -1 5622 9679 2419 8287 7029 9606 2797 8655 1168 2599 -1 -1 -1 -1 -1 8443 8665 4326 8306 7573 1178 1850 7216 4642 1074 6356 8888 5962 2721 7558 1626 1235 8322 6466 3312 6999 8363 2060 8110 5607 9231 4142 9473 3363 2696 2649 8162 7899 9939 9125 4353 6380 1982 2871 8769 3588 9345 9931 5196 1476 7907 4615 4866 4962 9922 9247 4483 3646 3523 2338 9787 8803 2542 3539 2692 5632 7329 7677 7094
9215 1855 3037 4168 4261 3886 5288 5530 1064 8138 6196 5737 -1 -1 -1 -1 -1 -1 -1 -1 -1 6602 7403 9340 5341 6825 1331 5940 4765 9979 3997 -1 -1 -1 -1 -1 9501 5426 1823 6821 7983 7630 2917 4242 1296 9020 2206 7402 1345 8799 3610 5465 7296 3750 7701 4204 3336 1739 6979 9175 4685 3279 5334 8501 2647 2997 3357 1100 2748 2528 7723 7861 7531 8142 6498 1830 9872 3399 3658 7821 9884 1750 8318 3094 4061 1912 3438 9243 7443 4786 1577 5550 7463 2604 8908 3016 3388 5350 6938 7663
8749 3288 7586 3154 9770 1560 8463 7199 8241 1858 9179 5210 -1 -1 -1 -1 -1 6400 7289 2531 8782 9557 5600 7369 4432 2816 6815 2335 6696 3131 2288 -1 -1 -1 -1 -1 -1 -1 -1 -1 -1 5549 7665 9298 7377 2966 5237 9109 7411 8908 7804 7209 9851 4167 4677 8544 4042 8430 7439 3152 8272 8145 1473 9074 6254 6509 7807 1093 4808 5716 5231 5544 9548 1659 1915 3935 6614 8215 4626 1008 3712 5063 5841 8170 4301 9710 8528 1548 2816 6003 8048 1375 2204 1397 2660 4169 5682 2197 1801 1555
6390 6751 7618 8082 1623 8527 9682 6397 9313 1874 8863 2484 -1 -1 -1 -1 -1 1995 3373 9331 6356 3017 7008 4840 1341 8058 2668 4966 6769 5709 7970 -1 -1 -1 -1 -1 -1 -1 -1 -1 -1 -1 -1 6680 9031 2579 5750 2735 9384 7685 5733 6996 8404 2004 2403 9953 7777 9334 5931 1730 1857 7186 3677 2379 4756 2071 8864 9620 1512 3672 6300 8090 4094 9832 6928 8058 3131 6774 7910 6012 1398 5956 3346 1443 6489 9057 6067 5867 7852 9565 3786 2879 3299 4290 4885 7077 7171 8627 7653 5122
5666 9032 5131 8250 4418 6748 9144 8372 3603 7285 3964 4939 2658 9618 9625 7127 8240 7323 6135 8506 4909 3254 2458 7373 7519 4582 5056 2362 2053 7787 9453 -1 -1 -1 -1 -1 -1 -1 -1 -1 -1 -1 -1 4812 9727 3566 2316 7823 9219 2776 3930 5472 4742 6335 1773 3205 4002 2710 6894 9366 5997 1613 5086 5796 5937 6892 1583 4591 5279 3524 1652 3247 6348 8846 1519 3492 6109 6937 4990 5031 4644 7010 5137 1434 5183 9546 3608 8752 4553 3778 5332 4742 4008 3239 6695 5454 5163 1569 8609 1237
8155 5073 9547 1344 3152 6083 2016 6809 7600 6911 1687 1396 9628 5934 7916 8523 7951 1174 8117 5747 9374 9872 8629 7735 3538 5579 3157 1598 1248 5073 5285 8374 8239 9907 8321 8600 -1 -1 -1 -1 -1 -1 -1 8832 7848 3562 1900 1986 2441 5311 9580 4769 9389 6083 3586 6187 7300 1439 6257 8551 8331 5944 8966 6266 8982 5575 9953 8563 8225 2517 4646 3838 3811 9177 3479 5061 6713 9897 9488 1327 1952 4654 2914 9803 9731 2792 9479 1153 2982 7542 6804 1306 6083 5962 7562 5374 4276 3944 9028 -2
1921 3947 4557 8166 4262 9432 9141 1411 1342 8026 1917 1717 4193 3098 4244 3678 9669 7711 3441 8008 9618 8797 8323 5945 5303 6687 3615 7142 3871 4150 7277 1965 9426 3153 8691 5803 -1 -1 -1 -1 -1 -1 -1 5273 1631 8497 5931 9730 2778 5142 8521 4977 8301 7357 4776 1960 5225 8244 3610 2303 5669 3004 1864 7640 2090 4093 9641 6090 7053 1273 8691 7339 8076 2788 5099 1680 9373 6122 7352 4422 6807 1937 4526 5787 2839 4987 3760 3924 7721 5230 9482 4420 6661 7086 3728 7934 7970 6145 6308 1397
5398 5581 9257 9404 7203 1546 5443 4098 9572 8602 2331 7113 9975 6848 7054 9960 9392 7763 1879 6520 8766 9864 4430 3354 9732 9714 3064 9699 1721 1233 9075 7045 4109 4120 6188 6390 -1 -1 -1 -1 -1 -1 -1 5947 8603 3070 3536 6227 4160 8679 5039 1994 2950 4476 6156 1962 5263 9910 2790 4653 9552 7322 8150 6445 9126 1717 5453 1155 5167 9559 1189 4605 3010 9096 3240 1230 5081 8989 6943 2344 8438 7113 4395 9213 8271 3860 1310 1933 3972 8482 4516 6258 9768 8915 8705 6939 3682 8382 1772 2742
5628 6691 4309 3562 8617 4860 1611 8375 5152 4078 2248 4355 3002 9755 4144 9657 3043 6523 7118 9408 6514 2349 5756 2403 9215 7755 4932 2481 5891 2181 5542 4012 -1 -1 -1 -1 -1 -1 -1 -1 -1 -1 -1 7753 3383 7210 2988 1892 8043 8146 4746 2315 6774 8654 5652 6297 8331 9111 5618 9925 7911 7013 8314 7524 5570 4376 3645 9108 8326 6267 6204 4538 9965 1204 4997 3002 5277 8824 3535 2881 1763 6270 4855 2852 6080 1194 9432 6613 9943 9898 1143 5243 6308 1574 2624 8893 5768 7207 7553 2219
4618 4091 8841 9252 9946 1642 5794 1691 5570 8985 8267 7822 2414 6170 6348 1583 1962 3645 6535 1637 7672 9806 2873 4467 2452 4290 5116 9127 6487 1337 7327 1682 -1 -1 -1 -1 -1 -1 -1 -1 -1 -1 -1 9973 8309 8864 -1 -1 -1 -1 -1 1154 2752 1634 3305 9178 8354 3260 1298 2547 4620 1053 8920 7801 8519 1429 5660 5156 3058 3199 4736 3152 7633 2792 2935 3908 6033 7850 7316 4898 8922 1911 5369 7136 1875 5863 4491 7313 4532 1275 7984 2501 6422 2429 9731 9131 8928 9712 4729 5991
3952 6203 3599 3942 7198 7578 4182 5071 1717 7531 4255 3445 1726 4157 2148 2036 4646 5647 8923 9623 1420 8168 8016 -1 -1 -1 -1 -1 9165 6145 8522 7364 -1 -1 -1 -1 -1 -1 -1 -1 -1 -1 -1 2368 4570 2453 -1 -1 -1 -1 -1 9331 4542 7706 9043 7711 5608 2923 4516 9073 6051 9006 3394 4342 5329 6280 9349 3445 7895 7330 6126 7387 2907 2373 9211 9027 7008 5490 4514 5512 1428 1469 7204 7516 1875 3327 5109 6539 5703 1886 2721 5109 9012 5580 2197 1930 4053 5919 4056 2561
7484 2584 7020 1878 5691 4693 5181 5127 4524 8483 7945 5821 8932 6194 9828 8207 6302 7791 1165 6146 4306 1107 6340 -1 -1 -1 -1 -1 6792 7157 7553 9603 -1 -1 -1 -1 -1 -1 -1 -1 -1 -1 -1 7424 5558 4293 -1 -1 -1 -1 -1 9880 7158 5894 7128 2938 1980 1339 5789 9752 9378 9279 3868 6202 5513 2615 1081 8208 8010 4312 6697 9423 8987 5007 4970 1735 2461 6095 4874 1572 6016 4657 5887 6467 6043 5710 9101 9505 8135 7832 9175 2036 3386 1332 5996 7868 2666 7924 3416 1837
8057 7156 7251 8534 3430 9434 9588 1411 6254 9800 8088 2559 3314 9697 7383 8420 3131 8487 9869 4167 6046 7247 9220 -1 -1 -1 -1 -1 1924 4554 1308 1787 -1 -1 -1 -1 -1 6605 -1 -1 -1 -1 -1 4673 8328 1742 -1 -1 -1 -1 -1 6656 1652 1234 6515 8266 8720 6591 8069 1713 7114 9713 7110 1148 6687 9833 4417 4987 6055 8109 7592 3676 1577 5468 1641 5937 4774 6606 3653 6418 5116 4713 4861 9399 4179 3325 5908 9055 8783 4407 3653 1482 4827 9139 5204 6099 3436 5540 1848 5123
8470 4426 8773 4388 2262 9117 2241 5388 6272 7264 6687 4407 6350 2760 2065 8887 8323 6214 8334 2664 7564 4632 6021 -1 -1 -1 -1 -1 2833 3304 9056 3361 -1 -1 -1 -1 -1 2958 4097 9000 7615 8201 5543 5452 7322 6080 -1 -1 -1 -1 -1 1420 5838 9286 2833 1823 9389 4466 1601 7064 6278 6563 2618 7691 5338 1670 5357 2142 9814 3322 4340 4690 3474 4537 6608 9949 1595 7385 1324 6619 7379 8364 6960 3586 8751 2288 4171 8146 8498 2669 8181 1502 5201 -1 -1 -1 -1 -1 9509 6004
6056 6484 9092 5053 2583 2420 6149 1054 7269 9554 7252 3970 6173 3613 9505 5168 8009 7850 4079 9132 9723 6277 9081 -1 -1 -1 -1 -1 4735 9558 2747 2468 -1 -1 -1 -1 -1 4633 7593 7246 7209 7576 8907 6441 5013 3986 -1 -1 -1 -1 -1 2752 3069 5048 7980 6216 1532 4260 2819 6963 1491 7907 3452 9618 9750 7130 7131 2809 9244 2167 8620 1618 2509 7323 5114 4723 2162 6068 4145 6665 4697 4084 1714 9439 5641 3806 5795 1492 3994 3930 5588 1713 3341 -1 -1 -1 -1 -1 7899 4791
6840 5769 8485 3200 5441 2202 4374 7985 5274 6525 7300 2215 7815 6407 4293 5439 3103 9404 2220 3340 8591 3351 4929 -1 -1 -1 -1 -1 3533 1412 9122 1912 -1 -1 -1 -1 -1 4308 9143 3888 7986 9172 4505 2701 4879 4810 -1 -1 -1 -1 -1 9202 8569 4449 1754 6869 3559 5470 5752 8426 8358 -1 -1 -1 -1 -1 5941 3611 3561 5251 7017 2158 5594 5977 8644 8035 3799 2159 8478 9658 7360 6513 5892 1217 2326 7547 8248 4627 5935 2879 6050 3691 2048 -1 -1 -1 -1 -1 3577 1681
5326 6640 7681 1116 8586 2914 8303 4541 9616 4036 5669 2674 7116 6710 1032 5008 7113 3165 8095 5850 4237 2415 1746 -1 -1 -1 -1 -1 4202 1287 9222 7942 -1 -1 -1 -1 -1 7011 1787 2690 9945 1749 7075 9814 2639 8094 -1 -1 -1 -1 -1 8037 7841 1287 9079 5468 9735 8120 5738 2877 9605 -1 -1 -1 -1 -1 7486 8992 9811 4469 3744 2324 7110 7676 9591 8122 3745 8563 5956 3135 7450 3360 1419 4484 1623 6247 2497 8656 8594 7316 4539 8287 8058 -1 -1 -1 -1 -1 7236 6921
9835 8770 4443 3402 1805 8408 4143 4383 5264 7106 3309 1163 7321 3675 4356 3301 6441 3846 2753 7562 5391 5276 7060 -1 -1 -1 -1 -1 9351 1218 3571 4598 -1 -1 -1 -1 -1 2270 2946 7501 3756 7097 1714 3322 -1 -1 -1 -1 -1 -1 -1 5722 3347 6806 5540 4270 2429 3654 1479 5905 4881 -1 -1 -1 -1 -1 3030 7500 9910 5024 8694 5155 8685 7418 1931 8219 2206 4555 6433 1820 6741 5010 1664 8340 5881 8476 7978 1706 7053 5770 3698 3235 4872 -1 -1 -1 -1 -1 7105 4048
6758 5780 8614 2425 5117 1092 3704 3701 2514 9496 1178 4616 1225 1217 8078 9250 1325 2518 2353 1131 9123 3595 9072 -1 -1 -1 -1 -1 6485 8098 4620 9703 5890 1820 3848 9833 2100 9783 4261 4776 6903 2556 2345 4466 -1 -1 -1 -1 -1 -1 -1 2996 1025 8728 2207 2858 8519 6931 6256 9341 8098 -1 -1 -1 -1 -1 -1 -1 6798 9556 3202 2445 3173 3581 8049 1300 9994 2903 8243 5249 4535 1135 5301 6631 5248 6604 5558 1475 8247 1553 6416 3643 5074 -1 -1 -1 -1 -1 1177 5365
2482 1033 7895 9760 9275 4767 4194 8800 8759 6613 7111 9542 8468 6936 7270 1228 9820 6613 6821 1356 2472 5837 3983 -1 -1 -1 -1 -1 9618 6478 2885 4973 3073 1507 7484 7296 9643 1469 4408 6643 8689 9431 9880 5433 -1 -1 -1 -1 -1 7127 5749 8297 7487 5199 3240 2484 1790 6725 5343 4929 1400 -1 -1 -1 -1 -1 -1 -1 7916 4371 5344 2425 3144 7585 3846 4772 2877 9086 4675 1906 3494 9535 9862 5609 4551 8145 2686 5522 6012 7454 4626 8484 6250 -1 -1 -1 -1 -1 5716 5755
5683 8241 3343 3487 5348 9819 9149 6236 2457 7956 7399 2288 2285 9778 7734 1786 1415 4641 1031 3484 3561 7482 3611 8101 9971 1577 8839 2260 8231 8755 1551 1219 9729 5718 4394 7962 6953 7306 4141 8703 1686 9866 3329 3583 -1 -1 -1 -1 -1 2160 7240 1478 2148 3851 2740 4453 3523 3627 6461 3092 6116 -1 -1 -1 -1 -1 -1 -1 2588 9838 5258 2702 2666 4369 5724 6615 5344 9263 7100 -1 -1 -1 -1 -1 1031 6382 1652 9914 1118 4709 1720 6210 4326 -1 -1 -1 -1 -1 3827 2765
9133 9790 9631 8677 1694 1644 7633 2038 8958 9391 3397 8406 3357 5149 5565 2703 8597 9629 7522 8421 3174 1086 6124 3875 3304 4211 1305 6623 7717 6627 4431 8280 8323 5087 4918 8206 3795 8860 8776 4425 6029 3714 6413 8674 -1 -1 -1 -1 -1 3684 2670 9566 1598 5799 6242 1720 6939 5782 9889 2382 7156 -1 -1 -1 -1 -1 -1 -1 3934 2604 2948 9468 4081 3318 1202 2623 2266 2588 7601 -1 -1 -1 -1 -1 6826 9812 7386 2625 5775 1988 5433 9229 9738 -1 -1 -1 -1 -1 7976 5812
4103 8212 7117 2094 4565 2578 1153 4914 2494 7807 8738 4990 3816 1136 1293 4559 4661 1408 7809 9959 1878 7749 2865 7985 9887 4612 8301 2591 5766 2333 4656 9559 8135 1679 2863 4235 8695 7921 9440 1581 2507 2188 1057 2745 -1 -1 -1 -1 -1 8595 6748 9889 9787 6608 8743 4204 9622 2480 7520 2824 3858 -1 -1 -1 -1 -1 -1 -1 4390 7751 6662 2980 3437 3752 4227 6665 2730 8724 1142 -1 -1 -1 -1 -1 -1 8760 6385 1886 9777 3188 1222 7993 1108 -1 -1 -1 -1 -1 6884 8368
-1 -1 -1 -1 -1 2583 7351 6505 9370 8687 4586 6757 5492 2366 6390 2308 1392 1339 7115 5805 6470 2011 7796 7892 4609 1464 8395 3071 6481 9056 7036 6298 1695 9117 7047 2948 3715 6398 3226 7209 3706 4347 9645 5989 -1 -1 -1 -1 -1 8615 2753 4941 3780 1058 9150 3020 4206 4793 2713 1346 7780 -1 -1 -1 -1 -1 -1 -1 7860 6160 1140 6744 8854 4786 4554 2644 2215 1047 2417 -1 -1 -1 -1 -1 -1 9650 2296 7544 2792 8110 4207 5266 8071 9974 4653 9630 3335 8963 8104 3350
-1 -1 -1 -1 -1 8539 8630 3488 9595 6700 7486 5650 4907 2380 1287 7596 2267 1134 1669 4727 5367 5739 9833 8657 9787 2476 7386 2249 8457 9158 2613 7950 3041 2016 9364 8213 2174 1485 2201 1494 7522 2678 3785 4517 -1 -1 -1 -1 -1 6683 1429 9590 6519 3996 9496 7871 1094 3433 8114 9941 6064 -1 -1 -1 -1 -1 -1 -1 6137 8892 3671 2093 9955 5085 6781 8691 9691 1321 7765 -1 -1 -1 -1 -1 -1 8495 7116 8973 6555 6240 3357 1226 6133 1355 8014 3031 7134 2618 8494 3235
-1 -1 -1 -1 -1 6038 8484 9667 7543 6530 6246 2376 5915 2494 1044 1670 7883 9932 6636 9562 9824 8227 7252 5870 2001 5274 9766 2498 1121 8194 6415 2211 1915 1815 2854 4721 7146 5745 6279 4844 1443 4205 1055 7905 -1 -1 -1 -1 -1 6760 7611 6059 6395 7125 5686 1978 5481 4323 6965 -1 -1 -1 -1 -1 -1 -1 -1 -1 1415 1294 2994 9858 2853 2451 4461 7023 8823 1793 4803 -1 -1 -1 -1 -1 -1 3707 9533 2229 4886 3298 5384 1086 3768 9412 5299 1799 2790 5927 4984 8472
-1 -1 -1 -1 -1 3049 2344 9968 3306 3570 8809 4202 2182 2284 6865 6622 1816 5494 1102 2462 3829 1499 3340 1250 3370 1947 4120 1250 6458 1531 -1 -1 -1 -1 -1 1631 7877 6922 6758 9457 5341 4058 4895 8672 -1 -1 -1 -1 -1 5696 9582 5340 2442 6044 8933 9547 9438 5485 6131 -1 -1 -1 -1 -1 -1 -1 -1 -1 4401 1624 3868 9003 8291 7238 2280 2602 1594 6197 6151 -1 -1 -1 -1 -1 -1 9619 2652 3071 8613 6779 5913 4295 2377 7080 2826 5957 2990 9739 8471 8315
-1 -1 -1 -1 -1 4154 9350 9092 4135 8980 8665 8634 1164 6985 4267 5360 1221 5055 6926 8281 8142 1851 5370 3267 8096 6947 6517 6775 1171 8263 -1 -1 -1 -1 -1 1849 9620 8892 2208 2727 7192 2055 9783 8186 1520 2551 5075 7356 6203 3253 6205 5439 6508 5164 9717 7238 5389 8563 3425 -1 -1 -1 -1 -1 -1 -1 -1 -1 4686 1230 6851 4541 1203 7887 2180 3699 7047 2544 7195 -1 -1 -1 -1 -1 -1 3488 3898 1522 5880 4946 8148 2524 2899 5713 1287 6477 8303 4392 1862 3767
-1 -1 -1 -1 -1 6862 2767 8529 9372 8576 5050 1281 6834 1563 9118 2620 3590 6373 1073 2243 5184 8173 8965 2534 5168 1752 3505 4897 6211 9887 -1 -1 -1 -1 -1 7714 7023 9737 1636 5520 6592 2579 4078 6206 6393 1127 7525 4285 3643 1399 8967 5341 8782 7745 9600 3061 7367 9784 9719 -1 -1 -1 -1 -1 -1 -1 -1 6084 8629 7858 4582 7590 4105 5313 2254 6844 7123 6503 6587 -1 -1 -1 -1 -1 -1 3781 8018 4122 5759 8117 7910 1465 4471 5229 3593 9108 3373 8336 1916 6497
-1 -1 -1 -1 -1 2797 4742 1750 6478 9099 2284 8188 3291 2891 -1 -1 -1 -1 -1 2410 2234 7094 5598 7433 9290 5031 4954 6293 7921 2335 -1 -1 -1 -1 -1 1977 4780 2775 4852 3077 4917 3515 9729 2935 6852 9008 5646 9050 1198 5221 3670 2275 9122 7640 8409 8973 1138 2547 5802 -1 -1 -1 -1 -1 -1 -1 -1 7876 1636 8521 4720 8309 4479 6983 9185 2851 5012 2300 2868 -1 -1 -1 -1 -1 -1 4165 4842 2296 7603 7834 6968 2627 3940 6340 5823 4076 8714 9209 6296 8629
-1 -1 -1 -1 -1 6817 4208 1836 8547 1859 4034 1082 1890 9236 -1 -1 -1 -1 -1 4922 6935 7964 4907 8175 5201 9555 9526 6244 1085 2405 -1 -1 -1 -1 -1 4499 2770 8287 1813 4232 7189 6111 1126 8625 6172 3723 1036 3778 7642 1359 8688 3970 2826 8447 5189 3896 2338 4226 5250 -1 -1 -1 -1 -1 -1 -1 -1 3276 7763 7815 1914 8551 3984 2785 3089 2004 2038 9334 7187 8953 -1 -1 -1 -1 -1 7709 6205 8657 7802 3373 8210 2933 8189 5069 9225 4110 8741 4558 6927 7191
-1 -1 -1 -1 -1 9667 3985 6842 3180 4038 2217 7806 3213 9567 -1 -1 -1 -1 -1 4614 3067 7000 3266 9907 6941 9196 4323 5887 6653 1415 -1 -1 -1 -1 -1 6093 7535 2070 7315 3734 2060 2833 7601 6339 2025 5275 6343 3973 9764 8002 7453 6872 5827 9266 9299 7079 6162 9858 2148 -1 -1 -1 -1 -1 -1 -1 -1 7630 8049 8822 3367 1157 2675 2874 4260 6275 6759 7430 4508 2667 -1 -1 -1 -1 -1 1981 9024 3853 2357 8548 3779 6087 7891 3467 8317 9688 1503 4354 4742 1118
-1 -1 -1 -1 -1 5470 2258 6274 1415 5057 7544 8979 1729 1150 -1 -1 -1 -1 -1 5940 6713 6595 3388 4786 2705 3582 5689 2154 5108 7765 -1 -1 -1 -1 -1 9815 9820 8666 3460 2522 7106 3320 5448 2531 2695 1204 6805 8897 7761 8519 1822 6744 6621 6358 5503 7907 1676 4877 9384 -1 -1 -1 -1 -1 -1 -1 -1 5592 6332 4940 1889 6742 4574 8216 8523 3663 1402 1972 1722 5013 5171 6863 2950 6901 9128 8737 9796 2931 7525 3742 3056 9315 1849 6549 8686 5797 7094 1503 5102 1342
4374 4405 7647 1768 4823 8137 8219 7416 6497 9355 5954 7055 1501 4355 -1 -1 -1 -1 -1 7890 4975 1822 9378 7116 7049 3110 2177 6925 4853 4777 -1 -1 -1 -1 -1 9713 3324 2744 7817 3264 1312 3569 2531 9706 7463 8492 1553 7929 2013 4514 -1 -1 -1 -1 -1 3055 3096 5723 4246 -1 -1 -1 -1 -1 -1 -1 -1 -1 -1 -1 -1 -1 4669 3876 6181 3930 4797 8259 9935 7305 6397 8196 2689 7632 8097 9048 2187 9913 8317 9494 9220 4080 3166 8765 3673 7659 7442 9418 7491 3785
2431 4362 5678 3268 1155 6718 4260 6548 8971 5582 3593 4778 6806 5189 -1 -1 -1 -1 -1 8188 6908 9478 7587 6969 2512 4127 9459 1691 1505 9958 -1 -1 -1 -1 -1 4488 8515 2000 3758 1445 6134 5956 3102 8171 1805 3918 9721 3885 2473 8799 -1 -1 -1 -1 -1 6202 4728 6848 2106 -1 -1 -1 -1 -1 -1 -1 -1 -1 -1 -1 -1 -1 4444 2861 3546 2447 4154 2712 4332 2903 3423 1233 4624 7802 4583 1789 9883 5022 5297 9435 6971 8882 3225 7466 9983 1329 7953 9199 2320 3576
3978 4591 2018 4277 5355 1392 8907 8539 1349 8460 6857 1488 4227 9743 -1 -1 -1 -1 -1 9638 1298 9179 5161 8070 4866 5893 6754 4492 2071 2937 -1 -1 -1 -1 -1 2335 8542 2020 6188 5350 1727 3733 7166 9455 1721 5857 9441 6292 3516 8792 -1 -1 -1 -1 -1 8449 3270 4680 4685 1372 7235 4609 -1 -1 -1 -1 -1 -1 -1 -1 -1 -1 8991 3024 9268 2769 7232 7846 6816 5290 6771 6973 4456 3446 4743 9717 2339 7070 2468 8536 7311 9632 6285 3689 3525 5472 2416 9674 1062 8213
9866 6560 5546 8954 2814 1578 5609 2513 2492 2122 8136 3453 2820 4335 -1 -1 -1 -1 -1 6318 6536 2844 4386 8236 6968 6921 2013 2435 7696 2229 2088 5889 2520 2244 5420 5413 7524 2888 4091 3187 8569 7484 6246 2581 4686 4901 6639 5533 -1 -1 -1 -1 -1 -1 -1 6498 6096 7196 6001 4028 6759 1800 -1 -1 -1 -1 -1 -1 -1 -1 -1 -1 9470 1539 3114 7617 1995 5071 9383 6301 6307 5903 9158 8532 1633 1587 1187 2435 8217 -1 -1 -1 -1 -1 7918 7951 3755 3510 6472 9628
1265 6026 3830 4425 1885 1708 5468 4509 2237 7157 8024 4521 9643 4351 -1 -1 -1 -1 -1 8351 1185 4494 8150 3660 3864 5125 3555 7486 7828 6069 5364 1500 2634 2959 3048 5754 9671 6580 -1 -1 -1 -1 -1 6002 8007 2532 7648 4173 -1 -1 -1 -1 -1 -1 -1 9546 2200 8211 6213 9453 5300 4296 -1 -1 -1 -1 -1 -1 -1 -1 -1 -1 2740 9086 6298 4975 6558 4430 4940 2039 3581 8646 5177 8240 6867 8389 8913 2073 9563 -1 -1 -1 -1 -1 6212 2449 5647 8264 2733 6103
5563 8712 2079 4403 2173 3801 8717 8938 6960 1195 1559 8041 1666 6113 -1 -1 -1 -1 -1 3893 6080 8537 4951 9238 7622 4522 7221 7374 3630 1067 7315 7375 8631 2076 1713 5385 6115 7165 -1 -1 -1 -1 -1 8759 5235 1734 3419 8430 -1 -1 -1 -1 -1 -1 -1 3803 8107 9232 6114 2407 7416 3059 -1 -1 -1 -1 -1 -1 -1 -1 -1 -1 2754 5907 9748 1693 6550 5781 8482 9115 1621 2598 4704 3799 5264 7163 4039 4551 4142 -1 -1 -1 -1 -1 4615 1883 2742 1150 8134 6382
