100
2 100.0000 65.1587
99.9999 65.1586
0.0001 65.1587
2 0.0006 14.7610
99.9996 14.7610
0.0005 93.1992
2 43.0661 87.1122
62.2040 87.1122
55.2168 87.1122
2 99.9995 28.7422
80.3785 0.1692
99.9999 28.7422
2 0.0004 29.5692
99.9998 26.5606
99.9996 32.5778
2 100.0000 88.3983
99.9999 88.3984
0.0001 88.3983
1 66.9994 0.1000
39.8585 58.3227
2 0.0003 43.5456
0.0010 83.7671
99.9992 43.4873
2 0.0010 42.1691
99.9992 42.1691
0.0008 79.7444
2 99.9998 55.9633
99.9999 48.0737
99.9997 63.8529
2 99.9993 28.9191
0.0011 79.9175
32.1237 28.9191
2 99.9994 20.7228
5.3300 5.5409
99.9994 35.9046
2 30.0000 65.4321
0.0001 50.0000
100.0000 99.9000
2 19.1006 56.4625
4.4980 56.4635
42.5343 80.4581
2 54.3221 42.0638
75.4672 90.5072
80.7614 91.0177
2 59.1081 96.8236
85.9566 98.5488
45.9915 93.5993
2 0.0006 67.8393
0.0003 43.6014
99.9994 92.0773
2 0.0003 47.5997
99.9999 53.1255
0.0009 47.5519
2 0.0003 48.3841
99.9995 48.3841
0.0007 56.3273
1 86.9571 93.0542
74.1255 93.0542
2 0.0004 52.3580
99.9996 52.7191
99.9995 9.2503
2 99.9995 92.9924
0.0011 21.4822
99.9990 92.9924
1 35.1909 0.1000
51.0661 0.1000
2 0.0007 62.9914
99.9991 62.9914
0.0004 23.0992
2 0.0007 72.5848
0.0004 4.4373
0.0002 72.5848
2 0.0001 64.5948
0.0008 60.1406
0.0005 64.5948
2 99.9992 71.0066
99.9991 98.8220
0.0006 70.9151
2 99.9996 39.6592
99.9996 39.6592
3.3238 26.9406
2 0.0006 46.5185
0.0002 1.0570
0.0007 91.9799
2 16.7755 0.6166
40.7298 65.5238
3.9926 17.0313
2 0.0001 60.6746
41.9303 60.4368
90.1666 60.9125
2 99.9999 33.6195
0.0002 33.6195
99.9999 51.4495
2 0.0010 26.0637
99.9992 6.8350
99.9998 45.2924
2 0.0011 97.6582
74.2887 97.6582
0.0009 69.5339
2 0.0001 0.1000
0.0001 0.1002
0.0001 0.1001
2 0.0004 6.5075
0.0004 66.5704
0.0006 6.5007
2 2.7287 1.9210
0.5560 3.9450
37.4996 1.8910
2 85.1073 99.9000
66.0326 51.4182
99.2110 53.7059
2 0.0005 6.8693
99.9993 6.8613
99.9990 78.4529
2 100.0000 75.6127
70.0263 75.6127
27.0364 27.7990
2 99.9999 26.0343
99.9991 86.4945
23.0533 26.0059
2 99.9993 18.4646
99.9991 18.4646
96.5681 58.8154
2 99.9998 81.7336
99.9999 82.5059
0.0005 29.3441
2 99.9994 51.0530
0.0009 51.0530
0.0010 97.9778
2 99.9995 97.2017
0.0009 86.7080
0.0006 97.2017
2 99.9993 98.8025
99.9999 98.8025
99.9997 36.1753
2 100.0000 65.1586
99.9999 65.1586
0.0001 65.1587
2 0.0008 93.2918
0.0003 9.9959
0.0009 93.2915
2 99.9995 27.0503
99.9990 27.2097
99.9993 13.4757
2 40.7289 1.5929
51.7453 85.7316
83.4270 85.7316
2 72.4716 96.5210
99.7091 72.7327
29.3377 24.8520
2 0.0011 70.9059
0.0006 70.9059
99.9990 79.9913
2 0.0007 92.8676
20.1456 82.0198
99.9996 92.8676
2 99.9990 94.4725
99.9996 94.4725
99.9992 77.8236
2 0.0002 39.0652
99.9999 26.0943
82.0932 52.0360
2 99.9995 54.7901
0.0004 77.0338
0.0011 54.7193
1 2.5039 99.9000
72.5344 99.9000
2 99.9994 60.4256
99.9995 60.4256
0.0003 70.9597
2 0.0004 94.2996
0.0003 20.5760
0.0002 94.2996
2 99.9996 49.2194
99.9991 49.2194
45.6846 52.4186
2 0.0011 18.4005
99.9993 3.8152
99.9995 18.4005
2 0.0010 78.1851
0.0005 59.3934
99.9998 96.9768
1 94.3106 72.5310
96.6486 72.5320
2 99.9999 10.0535
0.0003 32.9117
0.0001 10.0535
2 0.0009 7.3766
99.9991 7.3766
99.9998 8.1885
2 0.0009 2.8493
99.9991 2.8493
99.9998 58.5704
2 0.0009 52.5340
0.0008 93.5539
0.0001 52.4663
2 99.9991 40.2931
0.0008 40.2931
100.0000 41.5620
2 20.8795 16.6086
100.0000 16.6086
99.9999 16.6086
2 100.0000 88.3984
99.9999 88.3984
0.0001 88.3983
2 99.9994 43.9387
0.0008 43.7853
0.0009 44.0966
2 99.9993 88.2459
1.7723 88.2459
0.0002 9.3841
2 0.0006 80.7355
0.0010 91.4583
0.0006 80.7355
2 0.0008 36.7738
0.0006 36.5338
99.9996 36.8657
2 78.3040 30.1448
31.2403 27.9872
8.2801 30.1441
2 0.0001 0.1001
0.0001 0.1000
0.0001 0.1003
2 99.9991 36.6190
0.0008 36.6200
0.0011 54.5632
2 99.4808 76.9326
99.9999 76.9326
100.0000 76.9326
2 0.0003 63.9823
99.9994 58.4114
0.0010 69.5532
2 99.9992 79.0061
55.0941 55.2120
0.0009 79.3811
2 0.0004 41.9093
0.0011 13.4463
0.0005 42.2122
2 99.9997 0.2283
99.9996 0.2283
99.9992 64.5154
2 99.9993 15.0099
99.9998 14.9938
99.9999 65.4391
2 0.0007 54.6775
99.9999 54.6775
51.8551 58.7006
2 99.9997 35.8850
21.7730 35.8444
0.0006 62.6712
2 99.9991 19.2204
0.0011 18.1545
99.9996 20.2863
2 99.9998 34.2503
0.0004 34.2051
0.0011 80.9725
2 99.9998 44.9488
0.0006 1.6677
99.9997 44.9488
2 99.9991 75.6483
0.0005 83.5023
19.0406 67.7943
2 12.0808 2.5466
0.0011 4.1435
99.9997 2.5466
2 5.0000 99.9000
30.0000 99.8999
20.0000 99.7000
2 0.0002 93.3596
99.9999 59.7497
0.0008 93.9752
1 10.0000 50.0000
0.2000 50.0000
2 99.9998 64.0567
0.0004 32.9757
0.0011 95.1377
2 63.2734 51.1113
0.0001 51.1113
0.0002 51.1113
2 0.0001 77.2831
0.0001 97.3911
0.0001 57.1751
2 0.0003 15.0267
0.0001 15.0267
11.6765 80.0955
1 10.1065 20.7019
84.9833 87.1037
2 0.0004 97.7603
99.9993 89.2417
0.0006 97.7603
2 100.0000 59.7912
0.7366 27.7151
88.7379 91.8673
