126
563568116 193298340 808715821 584991456 479858399 350280762 895935059 822814942 746582032 174102784 858917237 710479737 513519288 303985596 14984131 91400147 364440918 147308350 165893555 988494874 445678711 119079590 4669190 8911133 377868653 531646729 571166993 601745606 607147217 166229249 663024903 450775147 352111817 57037354 607666016 783294678 802581788 519866944 301940918 875946045 726654053 955871583 925689698 539337159 142333985 462066651 235321045 862213135 209594727 779632569 843627930 996765137 999664307 611480713 392425538 266204834 297271729 840118409 23742676 375854493 92620850 677185059 56213379 8789063 918762208 275878907 272888184 587890626 691162110 837585450 726470948 484924317 205352784 743713379 468444825 457946778 949127198 744415284 108276368 599029542 385223389 734985352 608947754 572387696 361328126 151550293 225097657 425140381 802856446 517089844 989959717 751525879 345550538 168975831 657287598 491882325 63537598 699737549 504791260 147491456 949554444 141571045 905090333 692871094 303039551 426544190 70373536 966583252 683166504 153228760 877227784 821655274 582031251 191345215 177886963 817169190 475250245 155548096 503906251 731994629 405578614 279571534 568725586 682220459 755828858 721893311 
20
60 68
47 113
5 68
84 102
14 121
117 122
44 83
48 114
40 79
35 125
38 103
72 82
96 122
51 89
113 113
126 126
7 70
25 110
79 110
25 110