1000
13 394 2989
147 7 791
1032 8 7038
508 3 1026
9 1 6
417 17 663
283 5 913
63 91 2908
9999 1 0
3 5 15
622 11 2601
7 1409 9514
325 15 2682
828 3 1985
1606 6 6768
17 31 100
4 1838 6905
1153 4 2699
3 3203 5328
11 136 1292
19 140 1498
83 38 1594
224 38 3672
6836 1 6822
3 5 7
179 32 3075
473 2 681
3 182 324
5 3 10
2 1699 3164
4 2359 7942
503 4 1192
7 19 114
27 10 212
3 2867 6829
9999 1 4999
15 316 2929
179 31 3220
505 11 3863
487 3 1265
448 13 4344
3 4 12
31 204 6308
3475 2 5714
2168 3 5589
311 26 6457
98 68 4095
2 415 641
409 3 1089
5 835 2790
28 42 349
1825 5 8906
31 77 186
5 3 12
39 111 2512
2746 2 5473
1 941 769
19 61 743
124 50 4324
4754 2 5997
245 8 1297
559 9 3172
75 94 4911
95 69 3445
3398 2 3607
34 157 3431
922 3 1679
235 13 1723
127 36 3502
479 4 1505
79 43 3150
1 10000 4999
19 433 2424
359 7 96
6 1447 7964
10000 1 0
738 4 2014
1 6183 6032
8 431 2276
743 13 6661
452 2 495
171 4 592
13 14 34
57 41 1549
33 173 4202
14 479 5374
4435 2 6443
3019 2 5612
3 5 14
268 30 4940
101 13 1294
3 5 9
5 3 0
1524 2 2456
709 11 3965
6 614 3267
4 1838 7078
203 9 1335
2051 4 4347
10000 1 10000
7 1249 3277
71 104 4499
15 623 5417
107 73 6684
20 213 3266
62 137 3404
335 19 4692
17 113 283
44 134 4376
2 3441 5144
4 1541 5094
309 7 1484
67 115 7081
38 23 612
1 7446 1179
352 11 2700
32 67 1924
17 86 1094
26 243 5825
7 1123 6079
10 661 6125
8 762 2354
1282 7 6981
22 197 1117
14 602 7223
414 3 975
941 5 3144
279 3 782
2 658 1101
152 2 174
19 125 2000
10000 1 5001
100 100 0
287 11 2283
23 403 8792
5 3 14
29 47 743
34 215 540
551 13 4770
5 433 1550
178 32 5121
1816 4 4162
808 9 792
373 19 7059
14 131 1689
62 95 4293
71 71 3493
47 16 111
17 347 3320
509 3 395
147 31 3441
199 11 2179
821 9 4352
3 1833 3172
59 7 294
19 434 6753
305 24 7175
2 2749 4762
3 937 1639
295 31 8667
19 413 1698
179 5 807
100 100 10000
20 250 4492
2774 3 1328
40 47 1651
27 223 3661
5 105 523
61 118 6670
103 29 2520
3 2087 5050
188 17 1838
15 177 2622
239 19 582
37 41 13
4 2455 9730
15 38 318
5 1418 3806
373 12 4264
66 37 1386
6 1523 8807
383 25 1279
299 13 2194
4587 1 329
5 3 5
2 1171 1991
4 431 1440
4562 2 7351
61 61 3697
20 167 2184
187 20 1242
40 181 1788
7 1171 6696
5 1286 2394
89 83 6804
2 168 206
7 1087 4777
3 1964 3270
4 212 597
67 131 5108
4 872 1804
163 13 1685
2202 4 8185
1 1 0
17 117 1921
3194 3 7788
754 11 5291
2 1202 1724
311 32 8806
7 1398 8713
16 28 282
2201 4 8358
26 172 2678
15 33 350
604 7 4012
3 2229 4962
100 100 5001
1406 4 5455
301 9 1751
229 18 3349
3 5 8
6 93 415
3 3196 6152
493 19 7936
16 443 4222
117 8 520
1018 5 5
827 8 6293
10 44 224
1 4414 3028
2 3530 4818
6078 1 13
6 1255 4079
2155 2 3923
5 491 110
1 5727 5345
37 187 3999
62 137 5083
116 57 5203
184 37 5180
5 1945 5011
1 10000 0
2330 3 5577
975 10 6509
25 98 98
3164 2 4007
6 607 2784
6 1480 6776
1321 3 2446
122 81 5667
123 37 3210
5 701 3303
124 46 4148
2668 3 5960
317 9 1955
3 2936 6713
2972 3 6701
21 379 6651
1 3207 2639
4 1499 4595
5 1759 7403
2 991 1714
54 159 7869
31 214 4235
1307 7 7862
64 86 4570
3 3096 1508
1 4599 4122
24 59 1031
8 855 6002
1189 2 891
64 117 4965
7077 1 6306
23 89 1762
3 1669 4207
91 28 2471
5 778 564
2 1083 1782
924 3 1407
17 566 5200
149 17 2516
17 236 2910
328 1 197
51 94 3443
39 55 1332
285 13 3301
106 38 3663
5 3 7
13 739 580
2 853 1682
1 6221 4377
16 48 555
10 170 1374
1449 4 3684
743 5 3210
3 5 2
74 12 875
4 1395 3639
2 4259 6375
2 271 157
9 759 4092
338 26 5120
3758 2 6957
5 9 21
299 2 481
1 10000 1
758 4 2896
2154 3 325
157 21 759
1911 1 228
1344 2 626
79 49 287
10 679 4274
2876 3 8268
58 2 107
2 3545 4967
1216 5 4547
50 8 195
4 1234 4606
13 617 6930
507 16 4578
34 19 461
2665 3 4757
101 19 1422
1 10000 5001
779 3 2204
842 10 8226
5 3 15
167 20 431
2744 2 1102
2822 3 2846
17 545 6223
52 162 3435
162 16 2104
631 8 2235
2383 2 3134
4119 2 1778
3158 3 4178
108 37 1386
43 119 2670
239 30 6111
32 218 5942
11 200 24
5 3 8
160 19 1092
951 3 1921
1379 3 2611
26 121 3066
619 2 831
92 107 7832
6 97 549
86 44 3639
1936 5 5683
2517 2 2826
79 53 2933
67 69 2745
10000 1 4999
2209 3 775
5 3 11
16 74 169
2 4117 2998
3629 1 2575
4166 2 5412
403 7 505
564 4 1321
1016 4 1784
5 1880 1673
2 3394 5024
3512 2 1206
9999 1 4998
14 353 2117
3 453 1235
3 5 1
5 37 132
4 979 2721
1184 8 6535
2076 2 3057
128 50 5934
12 600 2759
74 128 8921
22 246 4060
10 749 4844
383 5 1049
1922 3 2626
486 15 5047
412 2 20
263 25 3005
3 3077 862
25 63 1159
6 348 1893
21 291 4714
148 35 4940
2 4401 5884
4 111 234
14 94 777
22 441 5363
1070 6 3034
2 4885 9257
988 2 540
9219 1 8237
25 175 4289
161 25 3614
6 1321 4954
17 431 4230
3 1144 3167
2 4685 5784
213 42 7203
3 44 131
116 56 5632
135 21 256
5 1627 7455
1881 3 4699
3 417 833
166 34 3567
972 3 2329
15 214 2863
438 17 5452
1078 3 1654
754 6 2557
2267 4 7833
23 119 1955
87 11 248
2174 3 5402
177 7 715
1 4298 2849
6 1418 5221
2 1291 1787
10 588 4718
176 22 2834
21 388 997
5 1279 3863
9999 1 1
173 49 6984
22 294 4988
82 12 263
371 16 4981
4 325 768
109 47 3508
20 400 4398
100 100 1
2727 2 1876
14 706 9820
233 16 1976
6 374 1155
69 95 4816
1583 4 4114
1506 2 2123
307 7 1768
3 2249 4552
5 973 2595
5 347 1592
401 16 4450
284 16 2352
205 43 8541
7 465 2061
4003 2 2629
379 4 1349
257 15 1992
3547 2 3898
2 617 1195
1 2563 1434
7 733 3843
239 30 3681
13 636 6938
451 17 7212
181 27 341
149 19 2275
2 978 842
59 67 3554
3193 3 2534
253 28 2551
3 1109 1720
2 3207 5421
90 88 4583
2446 1 1453
45 19 805
1852 2 272
2 1110 2044
308 2 596
9 166 1246
4117 2 7065
1008 3 1759
37 131 3913
5249 1 3476
4262 2 8172
41 95 2740
7 1171 5622
103 31 2019
876 9 4042
2 3046 3749
2 894 1771
19 502 1201
4 1313 3837
379 14 2748
23 17 309
653 10 2497
4492 1 1740
4 2011 7772
92 83 3506
9 15 135
166 4 272
109 10 198
1706 5 5095
783 2 1350
19 147 2609
5 1221 5142
80 33 1497
201 9 1459
281 33 8101
7 646 4057
273 15 2148
7 797 2693
491 5 1700
2391 1 304
1 9999 5000
1221 5 5076
20 173 2616
48 50 390
5 3 4
1920 3 5287
2 4028 15
1951 5 7558
148 28 3587
114 7 481
3 2621 175
2503 3 4128
13 642 5735
389 23 2470
1005 9 7277
13 66 238
27 272 4699
2 3591 539
3739 1 2436
19 7 129
500 5 2404
1010 4 2737
27 142 2522
5 1847 7527
3 708 1704
1108 9 9876
3 5 0
5 3 3
403 3 883
1979 5 7379
102 2 166
227 4 25
143 11 1563
434 1 313
19 463 4746
77 28 1291
1 10000 10000
831 11 8018
29 239 6117
4 617 1793
15 425 3781
71 77 5441
36 106 3236
638 2 1225
313 12 2280
241 7 1625
5 3 9
5 3 6
1208 1 132
2 2567 2829
3018 2 4053
86 13 584
11 422 4483
28 46 1053
74 79 4626
4849 2 5313
1 5734 2960
14 641 5155
317 14 3539
10000 1 1
5 3 13
676 7 4397
2851 2 3439
100 51 11
2 3366 1841
2 2127 2460
1056 4 3653
7 734 4103
4 1474 1187
951 5 3615
17 389 1231
5 1689 5889
23 226 4182
1 3411 2634
8 781 3337
5 1837 5361
1545 2 2456
38 125 4747
7 8 39
3 5 13
67 109 5600
45 194 7630
257 5 888
19 309 5630
109 89 6137
9452 1 7117
1 9999 9999
109 9 69
461 14 3223
7 2 11
1 8854 6762
31 241 7084
34 79 109
4 67 73
449 4 155
10 260 1654
2 3970 1876
1 9927 8296
2 3889 5348
2 1483 1182
7 469 2283
1838 3 3739
45 114 876
17 40 517
20 158 2153
10 998 6894
1546 6 8933
9 1027 4990
2 4101 5626
183 30 985
1046 5 5040
7 106 616
161 29 2202
6 791 3565
2 1492 1518
67 63 3418
159 29 381
5009 1 3880
1803 2 1858
2671 2 4310
42 43 1476
2 4852 5912
149 53 7775
3337 2 5214
205 43 3020
17 391 3654
2 4658 210
4987 2 5130
4 2234 6617
2 614 903
118 49 1932
2 1334 2134
5 1528 3431
86 29 382
91 8 463
306 27 5731
53 81 4032
334 27 6424
1124 2 384
10000 1 5000
100 100 4999
8 856 327
29 63 1493
6060 1 2741
23 388 6525
11 433 3111
2143 2 3318
2777 2 3611
17 478 7772
91 86 5492
3 2906 4530
13 203 1418
3 713 2045
3013 3 4803
7 362 1996
4 1247 3800
3045 2 1745
5 515 1884
3 1789 5323
4 1904 5860
10 176 1139
8 565 4101
131 29 2986
480 20 6534
10 439 4301
541 17 7204
2 9 12
191 47 1919
15 121 1420
468 1 368
103 47 4239
1142 7 5983
31 100 665
213 45 5422
14 638 5610
632 6 2554
4 454 1671
16 368 336
305 3 754
3 1129 3378
38 75 1682
1054 1 46
33 290 1722
2052 2 2431
222 21 4628
1304 4 3480
7 583 3887
2 3785 7128
249 21 2958
7 183 549
3 958 2576
4587 2 9008
7 5 26
23 286 4898
3112 3 5310
1069 1 740
13 134 1207
99 101 8549
2048 4 5626
194 42 4601
35 29 283
9 453 2487
19 351 4662
14 347 4830
11 610 4734
6 1162 4007
22 321 3800
153 14 262
5 1977 9315
200 34 5744
4801 1 3077
17 187 2686
5 1171 3154
2309 3 5006
5 1367 2988
3 5 11
25 331 2053
10 419 3431
1 4561 2776
31 242 5087
7 94 541
1 1 1
23 223 2870
3 1831 3832
92 39 3407
274 7 1189
1 10000 5000
1109 9 5740
59 103 484
35 99 1997
384 3 220
70 43 1901
628 9 3894
1286 5 5144
23 351 5043
371 17 3732
2 3079 4855
2099 4 6637
53 141 6790
21 365 4098
329 2 409
589 13 628
47 95 2940
46 214 3092
59 79 3123
3 5 5
1171 2 1057
223 20 3477
2 1877 3183
2 4966 2183
3 1087 2304
1 1083 883
3 5 10
1 3427 3243
1 7009 1098
5 3 1
134 68 7224
139 27 2050
281 2 340
4631 2 1477
23 40 837
2 3027 3127
146 23 91
14 350 3945
2113 3 3418
83 76 4162
1583 5 6777
671 3 1664
121 27 2617
15 59 607
883 10 7345
3 137 120
5 1990 8289
16 107 863
77 8 148
2 4802 8955
71 40 2610
9999 1 9999
6 61 300
3 1373 1924
295 23 6153
503 10 4565
2 1849 1785
17 244 3308
4 501 1020
207 23 4537
58 37 1651
110 53 4371
6 1481 7201
1 5562 4172
533 9 3262
171 37 6106
2 1300 1341
51 7 58
3 1307 3091
9 54 371
1399 2 280
26 87 2066
724 3 1875
1779 3 3766
77 26 677
3 5 4
11 227 2201
755 7 4015
5 1369 5980
10 257 2236
422 23 7647
607 9 4521
16 401 5945
4 3 12
8 671 3940
3122 1 2474
9999 1 5000
6723 1 769
2 3541 4376
269 27 4532
23 311 3981
71 101 4652
3 501 127
10 778 5109
173 19 2435
3 5 12
683 2 1075
587 5 2471
1115 2 1180
23 73 1423
3 5 6
1 8128 6838
287 31 7959
29 229 4744
3 667 1901
355 4 1359
631 2 92
4 23 59
2939 2 3721
5 3 2
487 3 208
2900 2 3139
1373 7 7787
17 526 4807
2 3035 5878
1122 1 495
843 7 5678
3062 3 223
79 103 4132
23 419 4988
853 2 1347
7 397 2763
262 26 6055
233 17 2467
2246 3 6424
241 31 5441
2 2663 1421
109 90 1124
43 177 7026
939 2 1350
13 449 3650
5 1672 7034
103 50 801
1415 4 4260
2 3769 1675
406 4 1076
6 268 986
622 13 7307
5 1301 6158
5 503 2346
7 1360 3261
101 99 8357
89 23 1608
4779 1 4761
241 35 5994
1 9999 4998
82 118 6241
3 5 3
2 1343 2304
1295 3 1663
2 4813 5295
20 165 309
8 1072 5127
9 244 1970
7 1154 6090
246 8 1447
877 9 4969
29 151 1315
383 7 1623
1 9 6
4 1483 5574
617 3 1388
85 113 9587
52 143 739
587 2 312
9 62 35
2 1621 2837
1 9999 4999
1711 2 2285
7 232 1505
1149 8 8989
167 45 2644
13 7 72
118 12 720
2 3000 1927
1456 1 1327
2 192 357
1481 4 1646
43 141 4179
16 163 2159
2 4767 7277
1069 4 3218
4 279 808
6644 1 5688
769 10 5358
5 1602 5753
46 183 8054
2878 2 5718
3 3001 4757
17 72 1212
141 6 681
781 7 4038
2 459 159
29 82 1412
100 100 5000
9 557 1067
57 101 975
131 43 252
950 9 6454
2 3459 4625
11 752 6735
1 6403 1279
21 85 1429
1987 4 4109
1013 7 6705
271 23 2547
15 269 2570
11 641 4220
49 6 274
2426 2 4390
1 9999 0
41 164 3935
79 9 684
15 83 715
422 18 5955
2 4349 7136
10 661 6483
3 1959 5287
11 871 9285
22 382 5978
13 29 219
219 3 550
173 20 2257
19 505 4945
8 532 3902
61 59 3048
17 127 1252
1 9999 1
2 1154 861
185 52 111
1826 3 4310
15 233 3107
50 83 1815
2 4797 7615
13 419 3960
2451 2 3332
4 2372 9346
2 1161 1321
3424 2 4773
7 777 2823
8175 1 2484
4 2269 6387
49 131 5514
348 16 4330
941 10 7268
5 1235 5675
1503 3 3064
75 54 3094
22 164 456
3 2181 6251
2 3238 3295
2 3343 6144
5 471 1435
3 2251 6123
8 512 3699
2 3262 6239
3 1598 190
1614 4 3543
145 63 1673
117 49 2063
