100
5 3 5
1 15 0
4 4 2
1 16 1
5 3 11
2 8 14
5 3 13
3 5 7
1 16 8
3 3 8
3 5 11
1 15 7
3 5 13
5 2 8
1 15 15
3 4 12
3 5 10
5 3 15
4 3 12
5 3 7
3 5 8
3 5 15
5 3 6
15 1 6
5 3 12
15 1 0
9 1 6
4 4 9
3 5 3
4 4 0
3 5 0
5 3 3
3 2 3
1 9 6
3 5 9
2 3 2
2 8 2
3 5 12
5 3 14
1 15 8
8 2 16
16 1 0
15 1 7
15 1 8
5 3 10
1 2 1
6 2 11
2 7 12
1 16 9
1 16 7
5 3 9
1 15 6
15 1 15
6 2 7
3 5 5
6 2 9
16 1 8
1 6 0
2 5 7
3 5 4
1 16 0
3 3 6
4 3 8
2 3 4
5 3 8
16 1 16
16 1 9
16 1 1
1 1 1
3 5 2
5 3 1
3 2 0
2 2 4
5 3 2
4 4 7
1 15 1
1 1 0
15 1 1
4 4 1
16 1 7
5 3 4
16 1 10
5 3 0
2 6 11
2 2 3
3 5 14
10 1 5
3 5 6
1 16 16
14 1 0
4 4 16
1 14 2
2 2 0
3 5 1
2 3 5
2 2 1
2 4 8
2 7 11
3 3 3
4 4 8
